0.0018018018018018033 0.0023423423423423466 0.0019819819819819843 0.0036036036036036 0.0030630630630630617 0.00396396396396396 0.0019819819819819843 0.0027027027027027046 0.0018018018018018033 0.0019819819819819843 0.0023423423423423436 0.6032432432432436 0.002162162162162166 0.0019819819819819843 0.17009009009009005 0.003783783783783781 0.008648648648648656 0.0021621621621621644 0.0021621621621621644 0.14684684684684687 0.0028828828828828855 0.002702702702702704 0.005045045045045033 0.016036036036036032 0.004684684684684676 
1.0900929785187543E-4 2.436678422571344E-4 0.003199743507534466 6.21994228919526E-4 0.06120551458800896 7.245912151330567E-4 0.020634818852196223 8.528374478999688E-4 1.1542160949022116E-4 1.9878166078871452E-4 0.0022122475152292383 0.04568130811157423 0.0031869188842577737 2.1160628406540575E-4 0.10563642193010576 0.004905418403334399 1.9878166078871444E-4 4.5527412632253986E-4 7.053542802180177E-5 0.027694773966014753 9.61846745751843E-5 3.462648284706643E-4 5.83520359089453E-4 0.037095222827829455 0.6837191407502402 
7.773851590106018E-4 0.0023321554770317997 0.006784452296819773 0.0017667844522968163 0.0014134275618374553 8.480565371024747E-4 0.005017667844522972 0.002826855123674912 0.0023321554770317963 9.8939929328622E-4 7.067137809187291E-4 0.20042402826855155 9.187279151943481E-4 0.0019787985865724364 0.7180918727915201 7.773851590106018E-4 0.008480565371024727 9.893992932862201E-4 0.009116607773851586 9.187279151943475E-4 9.893992932862201E-4 9.187279151943472E-4 9.18727915194348E-4 0.019505300353356878 0.010176678445229667 
0.0013872832369942192 0.001271676300578035 0.0013872832369942196 0.0013872832369942192 0.0030057803468208095 0.0023121387283236996 0.00601156069364162 0.0012716763005780347 0.002427745664739883 0.0013872832369942192 0.001271676300578035 0.26208092485549117 0.0013872832369942192 0.030057803468208077 0.6589595375722546 0.003352601156069364 0.0016184971098265894 0.0013872832369942192 0.0012716763005780347 0.008439306358381525 0.0017341040462427744 0.0011560693641618494 0.0012716763005780338 0.002890173410404624 0.0012716763005780347 
2.617051727663057E-4 1.512983030055203E-4 2.167245961970973E-4 0.002420772848088324 0.001132692700879165 1.0631772643631153E-4 7.360457984052365E-5 1.308525863831526E-4 0.0060969126967900245 0.020318953179308923 0.005880188100592926 0.11242690656307502 0.002563892864444899 0.003418523819259865 0.08953179308934782 0.0014352893068902064 3.271314659578818E-4 0.007360457984052343 8.628092414639135E-4 0.35198936822735627 0.036368840727867495 0.0016520139030873039 0.3250051114291558 0.018936822735636877 0.011331016152116135 
0.0011299435028248592 0.0015819209039548033 0.0030508474576271187 0.0023728813559322054 0.0018079096045197746 0.002937853107344634 0.004067796610169494 0.002824858757062148 0.006892655367231626 0.0027118644067796616 0.003389830508474577 0.21762711864406786 0.0011299435028248592 0.04237288135593222 0.6510734463276829 0.005084745762711867 0.0029378531073446334 0.001242937853107345 0.001242937853107345 0.003615819209039552 0.0018079096045197749 0.015028248587570623 0.0016949152542372883 0.01966101694915255 0.0027118644067796616 
4.5261669024045174E-4 5.09193776520509E-4 6.789250353606785E-4 8.486562942008518E-4 9.618104667609643E-4 0.17425742574257425 3.394625176803397E-4 9.335219236209342E-4 4.243281471004242E-4 0.0022065063649222083 0.006676096181046678 0.22854314002828852 5.657708628005643E-4 0.001329561527581331 0.1182178217821782 0.0025742574257425752 5.091937765205086E-4 0.002743988684582745 4.8090523338047977E-4 0.27997171145686023 0.0015558698727015593 0.0028854314002828797 3.394625176803395E-4 0.17165487977369168 3.3946251768033974E-4 
0.001601609657947686 2.575452716297785E-4 7.565392354124748E-4 0.00924748490945674 2.4144869215291732E-4 1.9315895372233372E-4 2.6559356136820903E-4 0.0035331991951710324 0.04642253521126762 0.027122736418511068 0.02198792756539235 0.04382293762575453 1.207243460764585E-4 0.14909456740442656 0.08754929577464785 3.380281690140844E-4 1.4486921529175027E-4 0.004426559356136818 1.9315895372233377E-4 0.40751710261569424 0.020458752515090554 0.0024627766599597594 0.1009255533199195 0.05892152917505032 0.012394366197183095 
0.057148362235067474 6.936416184971108E-4 0.055491329479768786 0.0023506743737957635 5.394990366088634E-4 5.780346820809257E-4 9.248554913294775E-4 0.002042389210019272 8.092485549132944E-4 0.01687861271676301 0.006050096339113674 0.09387283236994216 0.0013487475915221567 0.0010404624277456647 0.06500963391136805 0.001117533718689787 0.0023506743737957587 0.28246628131021206 5.780346820809259E-4 0.015337186897880571 0.002003853564547209 0.0011946050096339092 0.3853949903660886 0.0011175337186897856 0.0036608863198458537 
0.019496503496503507 3.356643356643351E-4 0.0017062937062937073 7.832167832167844E-4 0.021062937062937062 5.594405594405589E-4 6.153846153846145E-4 0.023524475524475515 0.002013986013986018 5.594405594405588E-4 8.391608391608394E-4 0.28053146853146843 3.3566433566433504E-4 0.09356643356643364 0.29574825174825153 3.916083916083911E-4 3.9160839160839095E-4 0.0015944055944055976 3.9160839160839095E-4 0.06111888111888116 0.0441958041958042 4.7552447552447473E-4 0.07398601398601402 0.07538461538461537 3.916083916083911E-4 
2.628490964562307E-4 8.918094344050681E-5 1.1734334663224589E-4 1.0326214503637626E-4 1.1264961276695598E-4 0.12076038488617696 9.856841117108647E-5 9.856841117108658E-5 8.4487209575217E-5 0.013808965031682703 0.00205585543299695 0.25921614644449664 1.6897441915043383E-4 0.02557146209809902 0.08963623562544001 5.022295235860133E-4 0.0013611828209340517 2.112180239380424E-4 7.509974184463748E-5 0.18199953062661353 8.918094344050691E-5 0.01677071110068059 0.023445200657122717 0.2630415395447077 3.1917390283970866E-4 
1.8194541637508787E-4 3.498950314905528E-4 0.01808257522743179 2.93911826452065E-4 9.097270818754394E-4 2.5192442267319847E-4 0.011098670398880336 1.819454163750877E-4 5.17844646606017E-4 2.7991602519244254E-4 3.4989503149055216E-4 0.5139958012596221 1.6794961511546554E-4 4.4786564030790716E-4 0.22166550034989504 6.158152554233726E-4 2.7991602519244254E-4 0.0029391182645206403 2.2393282015395404E-4 0.05130860741777468 3.4989503149055303E-4 1.819454163750878E-4 1.3995801259622127E-4 0.17470958712386292 4.758572428271519E-4 
8.432147562582327E-5 1.1067193675889315E-4 2.1607378129117304E-4 5.111989459815546E-4 1.8972332015810303E-4 0.19267457180500652 1.6337285902503284E-4 7.378129117259545E-5 0.007077733860342558 2.2134387351778638E-4 2.793148880105411E-4 0.4638313570487484 1.4229249011857685E-4 7.009222661396579E-4 0.09530434782608697 0.0023083003952569176 0.0013227931488801064 1.0013175230566521E-4 3.003952569169966E-4 0.006281949934123845 2.6350461133069886E-4 9.011857707509892E-4 1.31752305665349E-4 0.22670355731225292 1.0540184453227917E-4 
0.028571428571428505 0.028571428571428505 0.028571428571428505 0.028571428571428505 0.028571428571428505 0.028571428571428505 0.03142857142857137 0.028571428571428505 0.028571428571428505 0.08571428571428562 0.028571428571428505 0.028571428571428505 0.028571428571428505 0.028571428571428505 0.22285714285714278 0.028571428571428505 0.028571428571428505 0.028571428571428505 0.028571428571428505 0.028571428571428505 0.028571428571428505 0.028571428571428505 0.05999999999999993 0.028571428571428505 0.028571428571428505 
2.1063024518676982E-4 2.5012341615928926E-4 0.007790027974329433 0.00186934342603258 0.003031100872140857 0.08449893039328621 1.4809939114694768E-4 5.726509791015292E-4 5.923975645877898E-5 9.215073226921185E-5 1.2835280566068796E-4 0.6513608688497616 8.556853710712537E-5 5.9239756458779046E-5 0.07835116011189727 8.556853710712518E-5 1.7113707421425068E-4 4.278426855356259E-5 1.5139048872799088E-4 0.006045746256376502 2.237946355109432E-4 4.607536613460583E-5 6.911304920190895E-5 0.1640447589271022 6.121441500740475E-4 
8.466422936309393E-5 3.694439099480471E-4 0.0024822012699634425 5.002886280546465E-5 2.4244756590340602E-4 5.387723686742346E-5 2.5014431402732367E-4 1.5008658841639418E-4 0.0030786992495670617 0.0017394650760053903 0.0012930536848181635 0.029921108331729798 0.01363863767558206 0.0879969213007504 0.0294054262074273 9.620935154897064E-5 6.927073311525875E-5 0.004117760246295943 1.0775447373484723E-4 0.2487935347315759 9.62093515489706E-5 2.0396382528381772E-4 0.47493553973446234 0.09727150279007121 0.0035520492591879956 
4.550379198266517E-4 5.633802816901403E-4 6.717226435536286E-4 0.03594799566630553 8.88407367280606E-4 0.2914409534127844 3.683640303358611E-4 0.0013651137594799553 2.383531960996748E-4 0.027432286023835312 2.3835319609967446E-4 0.37252437703141894 2.8169014084507017E-4 4.333694474539533E-4 0.09009750812567717 4.983748645720471E-4 0.015297941495124597 4.5503791982665125E-4 4.767063921993494E-4 0.0778764897074756 4.767063921993491E-4 7.150595882990243E-4 2.6002166847237233E-4 0.08021668472372698 7.800650054171167E-4 
0.011713395638629285 9.345794392523381E-4 7.476635514018711E-4 9.345794392523378E-4 0.0014953271028037382 6.230529595015586E-4 0.0012461059190031173 6.230529595015586E-4 0.020498442367601236 0.001619937694704048 0.0012461059190031173 8.099688473520266E-4 0.002056074766355136 0.0024922118380062233 0.17763239875389408 6.853582554517145E-4 7.476635514018711E-4 7.476635514018705E-4 0.0010591900311526514 0.002305295950155756 0.0013707165109034258 0.7654828660436125 6.230529595015586E-4 0.001121495327102805 0.0011838006230529608 
9.673518742442541E-4 3.3857315598548917E-4 4.5949214026602166E-4 4.836759371221288E-4 3.869407496977022E-4 3.385731559854896E-4 4.111245465538099E-4 5.078597339782346E-4 0.009818621523579195 2.6602176541717004E-4 5.804111245465545E-4 2.418379685610638E-4 0.0036033857315598584 0.33187424425634826 0.12706166868198293 7.496977025392975E-4 0.0015477629987908103 4.35308343409915E-4 3.869407496977026E-4 0.0509552599758162 4.8367593712212847E-4 0.0010640870616686786 0.4654171704957676 9.91535671100362E-4 6.287787182587665E-4 
0.04340414640389044 4.914256462759149E-4 6.91067315075506E-4 0.002277962631174815 1.7916560020476028E-4 0.09914000511901717 3.6345021755822856E-4 2.5595085743537234E-4 1.6380854875863818E-4 0.0014179677501919632 0.01931917071922191 0.00590222677245967 0.0023393908369593055 0.0019861786536984898 0.08803685692347071 0.005938059892500642 7.269004351164583E-4 0.010238034297414893 8.958280010238033E-4 0.015116457640133092 0.32538008702329185 2.4059380598924978E-4 0.002011773739442027 0.3731149219349884 3.685692347069361E-4 
0.002068965517241384 0.0036453201970443392 0.0011822660098522154 0.0010837438423645313 0.0015763546798029573 0.002561576354679805 0.0015763546798029558 0.007586206896551722 0.0010837438423645304 0.0186206896551724 0.001773399014778327 0.0018719211822660132 0.0027586206896551752 0.15990147783251238 0.48285714285714315 0.0034482758620689707 0.0013793103448275848 0.0011822660098522147 0.0013793103448275865 0.04019704433497538 0.00926108374384237 0.0024630541871921217 0.23773399014778313 0.011428571428571444 0.0013793103448275855 
0.008695652173913031 0.008695652173913031 0.009565217391304327 0.008695652173913031 0.008695652173913031 0.014782608695652143 0.008695652173913031 0.008695652173913031 0.008695652173913031 0.008695652173913031 0.008695652173913031 0.01217391304347824 0.008695652173913031 0.008695652173913031 0.7643478260869557 0.008695652173913031 0.008695652173913031 0.008695652173913031 0.008695652173913031 0.009565217391304335 0.008695652173913031 0.008695652173913031 0.008695652173913031 0.02434782608695648 0.008695652173913031 
0.028571428571428505 0.028571428571428505 0.028571428571428505 0.028571428571428505 0.028571428571428505 0.028571428571428505 0.03428571428571423 0.028571428571428505 0.028571428571428505 0.07428571428571423 0.028571428571428505 0.028571428571428505 0.028571428571428505 0.028571428571428505 0.22285714285714275 0.028571428571428505 0.028571428571428505 0.028571428571428505 0.028571428571428505 0.028571428571428505 0.028571428571428505 0.028571428571428505 0.06857142857142849 0.028571428571428505 0.028571428571428505 
0.001909547738693467 0.003015075376884427 0.0020100502512562807 0.0011055276381909535 0.004623115577889452 0.0017085427135678385 0.0020100502512562803 0.0018090452261306533 0.004120603015075389 0.0012060301507537674 0.001909547738693467 0.001407035175879396 0.7330653266331666 0.0015075376884422106 0.1735678391959798 0.0012060301507537674 0.0014070351758793964 0.04060301507537689 0.0018090452261306528 0.007638190954773875 0.005728643216080416 0.0011055276381909535 0.0012060301507537674 0.003015075376884428 0.0013065326633165824 
0.0011143385265381563 0.008640084499603906 2.006865592817532E-4 6.918405069976236E-4 1.3731185635067317E-4 0.22812252442566666 3.6440454185370977E-4 5.809347768682343E-5 0.01118563506733563 1.1618695537364645E-4 0.05862688143649323 5.0699762344864E-4 0.5426458938473726 0.029601267494058628 0.07373646686031161 0.013768154211777139 1.0034327964087664E-4 0.010018484288354904 2.587800369685763E-4 0.001726960654871937 6.0205967784526E-4 0.015769738579350406 6.126221283337732E-4 0.0011301822022709268 2.6406126221283305E-4 
8.770702122696545E-4 0.0036249125262421246 1.4462327968276206E-4 0.00985304408677397 1.0263587590389551E-4 0.20255656636342434 9.79706088173551E-5 6.204805225099132E-4 0.005449031957079541 0.00983904828551435 0.07707487753673896 0.416071845113133 2.285980872404945E-4 6.111499883368318E-4 0.037802659202239304 0.0010310240261254978 2.659202239328197E-4 0.044506648005598295 7.930954047119197E-5 8.350828084907897E-4 0.18388150221600189 1.866106834616283E-4 0.0011663167716351806 0.002869139258222535 2.2393282015395366E-4 
0.021716400647698343 1.1566042100393237E-4 0.003044182280823501 2.3594725884802287E-4 3.2384917881101186E-4 0.10893823733518389 4.071246819338433E-4 1.8043025676613508E-4 3.284755956511694E-4 1.8043025676613454E-4 0.06629655331945405 0.0064677307425399 0.02470043950959981 6.199398565810782E-4 0.09724728198010642 0.003201480453388855 4.626416840157299E-4 0.37827897293546153 1.8505667360629228E-4 0.07378209576682854 0.030261392551468883 0.0035854730511219062 8.790191996298863E-5 0.17926902613925505 8.327550312283132E-5 
0.005846153846153855 0.003384615384615392 0.004000000000000009 0.014769230769230736 0.00646153846153847 0.004923076923076933 0.008000000000000009 0.011692307692307703 0.0033846153846153904 0.005846153846153854 0.009230769230769244 0.004615384615384622 0.012000000000000002 0.0076923076923077005 0.6095384615384615 0.004000000000000007 0.0055384615384615485 0.09415384615384614 0.04030769230769229 0.006461538461538473 0.031999999999999945 0.004307692307692316 0.004615384615384622 0.09415384615384623 0.0030769230769230826 
0.001630804077010197 2.265005662514151E-4 2.265005662514151E-4 3.6240090600226526E-4 4.3035107587768953E-4 0.16688561721404302 4.983012457531159E-4 0.0016987542468856198 0.02570781426953567 6.11551528878823E-4 0.0024688561721404306 0.00405436013590033 0.0034428086070215176 0.5267723669309172 0.17515288788221967 0.0010645526613816526 0.0047112117780294385 0.0016534541336353356 3.171007927519816E-4 0.0021064552661381655 0.002378255945639864 0.0011098527746319345 0.010169875424688566 0.06319365798414496 0.0031257078142695387 
9.782940996637118E-5 1.1617242433506586E-4 2.0788749617853874E-4 9.782940996637118E-5 1.528584530724549E-4 5.992051360440222E-4 9.782940996637121E-5 7.94863955976766E-5 1.5285845307245506E-4 1.3451543870376045E-4 9.782940996637118E-5 8.926933659431347E-4 0.04648119841027208 0.12634668297156842 0.07716294711097521 7.948639559767656E-5 7.94863955976766E-5 2.1400183430143698E-4 6.725771935188014E-5 0.09225924793641083 1.039437480892694E-4 7.94863955976766E-5 0.6457780495261385 0.008517273005197185 1.0394374808926941E-4 
9.586776859504116E-4 0.0035041322314049634 0.003603305785123972 5.950413223140484E-4 9.586776859504125E-4 0.00175206611570248 0.0012231404958677674 3.966942148760322E-4 7.933884297520647E-4 0.006743801652892567 0.0021157024793388504 0.2848595041322309 3.9669421487603207E-4 0.04 0.08109090909090906 0.023107438016528935 8.595041322314038E-4 0.0010247933884297506 0.0013223140495867778 0.1930909090909091 0.0014214876033057842 0.007834710743801656 0.34052892561983517 8.925619834710738E-4 9.256198347107426E-4 
0.011764705882352922 0.014117647058823502 0.011764705882352922 0.011764705882352922 0.09411764705882356 0.011764705882352922 0.011764705882352922 0.014117647058823506 0.011764705882352922 0.01411764705882351 0.012941176470588213 0.011764705882352922 0.011764705882352922 0.011764705882352922 0.6094117647058834 0.011764705882352922 0.012941176470588216 0.017647058823529384 0.012941176470588213 0.011764705882352922 0.011764705882352922 0.012941176470588213 0.011764705882352922 0.019999999999999973 0.011764705882352922 
2.9652042360060483E-4 2.2390317700453835E-4 0.006499243570347959 0.003164901664145234 1.6338880484114942E-4 0.002360060514372163 0.010130105900151287 9.682299546142198E-5 0.0012829046898638452 0.002771558245083206 1.2102874432677724E-4 0.015612708018154313 0.008296520423600602 0.11081996974281379 0.06637821482602126 1.270801815431164E-4 3.933434190620266E-4 0.02049621785173981 1.149773071104385E-4 0.030922844175491637 0.015267776096822996 1.81543116490166E-4 0.6840423600605138 9.682299546142226E-4 0.019267776096823005 
0.011851851851851851 0.0074074074074074155 0.0074074074074074155 0.0074074074074074155 0.0074074074074074155 0.0074074074074074155 0.0074074074074074155 0.0074074074074074155 0.00814814814814816 0.015555555555555507 0.0074074074074074155 0.0074074074074074155 0.0074074074074074155 0.0074074074074074155 0.7814814814814812 0.0074074074074074155 0.00814814814814816 0.0074074074074074155 0.009629629629629639 0.0074074074074074155 0.022222222222222206 0.015555555555555552 0.0074074074074074155 0.008888888888888898 0.0074074074074074155 
0.008106312292358801 0.001262458471760797 0.0517607973421927 0.015348837209302331 0.006511627906976744 7.973421926910302E-4 0.0033222591362126203 0.002325581395348844 7.973421926910299E-4 0.001196013289036543 0.024385382059800672 0.0018604651162790714 0.030764119601328917 0.004252491694352157 0.20392026578073089 0.019269102990033236 9.302325581395336E-4 0.44026578073089695 0.001328903654485049 0.001926910299003324 0.12345514950166114 9.30232558139535E-4 0.044385382059800665 0.005647840531561456 0.005249169435215937 
1.2208907981008386E-4 3.979199638254582E-4 2.486999773909113E-4 2.1252543522496057E-4 0.0025457834049287813 0.0090255482704047 0.0015419398598236506 3.843545105132266E-4 0.10820257743612942 9.043635541487696E-5 4.069635993669458E-4 2.622654307031428E-4 4.973999547818224E-4 0.07039113723716933 0.013922676916120279 0.018733891024191728 1.8539452860049743E-4 2.8939633732760593E-4 1.0852362649785234E-4 0.7701966990730276 1.4469816866380307E-4 0.0012570653402667873 5.380963147185176E-4 7.687090210264543E-5 2.1704725299570443E-4 
0.0014725069897483678 0.0028518173345759524 0.006859273066169619 4.846225535880715E-4 0.002218080149114631 0.0848462255358807 2.609506057781927E-4 0.006505125815470645 0.029580615097856477 3.1686859273066234E-4 0.002572227399813609 5.964585274930109E-4 0.4465983224603912 0.002311276794035418 0.28108108108108115 0.028723205964585264 5.964585274930113E-4 0.022236719478098795 0.0011929170549860191 0.06879776328052191 0.006840633737185468 0.001882572227399817 5.21901211556385E-4 3.5414725069897603E-4 2.9822926374650603E-4 
0.03775585696670777 0.0019235511713933437 0.002737361282367449 0.005129469790382246 0.005721331689272473 0.0028113440197287337 8.138101109741071E-4 0.003329223181257707 5.425400739827385E-4 0.003896424167694205 0.19445129469790381 6.165228113440211E-4 0.00219482120838471 4.6855733662145633E-4 0.17109741060419237 0.019506781750924792 0.0011097410604192367 0.44658446362515397 0.0027373612823674487 0.0040197287299630095 0.08826140567200991 7.151664611590645E-4 0.0020961775585696682 6.411837237977827E-4 8.384710234278689E-4 
0.003728898336876327 1.2504689258471975E-4 0.007185194447917967 7.627860447667889E-4 6.652494685507069E-4 7.50281355508315E-5 0.0014430411404276595 4.751781918219327E-5 5.2519694885582076E-5 6.827560335125682E-4 0.0034037764161560556 4.751781918219331E-4 0.8240815305739653 0.006862573465049394 0.07534325372014501 0.00725271976991372 6.52744779292236E-4 0.008505689633612597 7.252719769913715E-5 0.027942978616981383 0.007037639114668001 1.8757033887707914E-4 0.009098411904464174 0.014087782918594473 2.27585344504189E-4 
4.006163328197222E-4 4.930662557781198E-4 7.395993836671798E-4 5.238828967642519E-4 3.081664098613248E-4 4.314329738058546E-4 0.001386748844375963 4.314329738058547E-4 8.936825885978424E-4 4.3143297380585484E-4 0.0011093990755007702 3.697996918335895E-4 0.849399075500771 0.026409861325115552 0.018828967642526978 4.6224961479198715E-4 4.6224961479198736E-4 3.3898305084745716E-4 3.081664098613248E-4 0.05919876733436058 5.546995377503843E-4 5.546995377503846E-4 0.03519260400616334 3.38983050847457E-4 4.314329738058545E-4 
3.5784685367702777E-4 7.88476118271419E-5 4.8521607278241075E-4 8.491281273692208E-5 8.824867323730094E-4 6.974981046247167E-5 0.0014040940106141014 4.2456406368460984E-5 0.0373161485974223 0.006065200909780134 7.308567096285061E-4 0.0012554965883244883 0.012412433661865055 0.003733131159969675 0.06565883244882487 0.0027869598180439714 1.1523881728582266E-4 0.0018347232752084922 0.0024291129643669446 0.8565034116755118 7.278241091736162E-5 0.0011887793783169071 8.369977255496586E-4 1.2736921910538288E-4 0.003526914329037149 
0.006530612244897953 4.081632653061234E-4 6.033717834960081E-4 6.211180124223612E-4 0.0036379769299023945 0.07627329192546589 6.388642413487139E-4 2.4844720496894465E-4 8.340727595385994E-4 6.388642413487139E-4 0.020053238686779072 3.9041703637977007E-4 0.5016326530612245 0.0214019520851819 0.2115882874889085 0.004933451641526172 4.0816326530612295E-4 0.020763087843833173 2.839396628216511E-4 0.02741792369121561 0.016947648624667255 0.0054125998225377035 0.012635314995563439 0.054587400177462275 0.011109139307897066 
0.6507435855531952 1.143977774146103E-4 2.059159993462984E-4 7.84441902271614E-5 5.883314267037104E-5 1.2747180911913713E-4 1.0786076156234684E-4 8.79228632129431E-4 6.863866644876627E-5 1.5688838045432266E-4 0.03896388298741622 7.190717437489795E-5 0.0027716947213596997 0.00698806994606962 0.08136623631312309 5.458408236639973E-4 6.896551724137927E-4 0.04749795718254615 6.798496486353982E-4 9.478672985782004E-5 0.009429645366890014 2.091845072724303E-4 7.844419022716138E-5 0.15801928419676428 5.229612681810761E-5 
0.028571428571428505 0.028571428571428505 0.028571428571428505 0.028571428571428505 0.028571428571428505 0.028571428571428505 0.03428571428571423 0.028571428571428505 0.03142857142857137 0.07428571428571422 0.028571428571428505 0.028571428571428505 0.028571428571428505 0.028571428571428505 0.23142857142857132 0.028571428571428505 0.028571428571428505 0.03142857142857137 0.028571428571428505 0.028571428571428505 0.028571428571428505 0.028571428571428505 0.05428571428571423 0.028571428571428505 0.028571428571428505 
9.159462939120855E-4 5.1498988412727595E-5 0.010023910244620187 2.5749494206363856E-4 0.6606143093617801 0.28577156520139796 8.38697811292993E-4 0.003663785175648334 4.04634908957145E-5 1.1035497517013054E-4 4.782048924038987E-5 2.758874379253273E-4 8.828398013610446E-5 1.1771197351480588E-4 0.025322788302372633 6.253448592974061E-5 7.724848261909141E-5 9.564097848077978E-5 2.501379437189629E-4 3.678499172337681E-4 1.1771197351480596E-4 1.1403347434246821E-4 1.581754644105206E-4 0.009843663785175642 7.724848261909151E-4 
0.028425023577491344 0.0013517761710154048 0.0015844074190506153 2.892172272870167E-4 0.11036152153410869 0.22235146180446402 3.458032065388241E-4 0.0017227287016661457 1.5089594467148674E-4 1.3832128261552967E-4 9.305249921408379E-4 4.2753850990254617E-4 1.886199308393585E-4 8.802263439170062E-5 0.03854762653253687 2.2634391700723032E-4 5.972964476579689E-4 1.383212826155296E-4 0.04694121345488842 7.544797233574348E-5 0.3852373467463062 5.972964476579687E-4 1.0059729644765779E-4 0.1589688777114115 2.1376925495127303E-4 
0.4793978633862092 9.06442214308837E-5 3.496277112334084E-4 0.001502104240854647 0.0023373259954677893 0.004635804467465206 9.711880867594678E-5 1.424409193913884E-4 6.086112010359331E-4 1.2949174490126233E-4 0.008209776626740046 3.3667853674328223E-4 2.8488183878277686E-4 1.4244091939138838E-4 0.11997410165101977 1.1006798316607294E-4 8.222725801230173E-4 0.019138879896406606 0.03505988993201678 2.2013596633214575E-4 0.01019747491097443 1.4244091939138876E-4 1.2949174490126223E-4 0.31583684040142435 1.0359339592100988E-4 
0.573591641271223 0.0038223770134958625 0.006004933971847335 8.126541866202293E-5 0.044338992889275834 0.126472210129154 4.992018574952839E-4 0.0045450587723117174 1.4511681903932655E-4 7.25584095196633E-5 5.891742852996685E-4 6.0949063996517194E-5 1.7123784646640546E-4 5.5144391234944126E-5 0.030776374981860387 0.005769844725003625 5.5144391234944126E-5 2.4089391960528228E-4 3.8310840226382344E-4 5.804672761573068E-5 6.675373675809028E-5 0.0010999854883180968 1.538238281816863E-4 0.20063270933101152 3.1345232912494565E-4 
0.19009009009009012 0.0028828828828828834 0.006126126126126115 0.005405405405405402 0.019459459459459462 0.0023423423423423466 0.0045045045045045045 0.01729729729729729 0.0018018018018018033 0.42162162162162153 0.026306306306306287 0.002882882882882881 0.009369369369369367 0.0018018018018018033 0.04468468468468467 0.012792792792792789 0.002882882882882881 0.12576576576576576 0.0027027027027027024 0.0018018018018018033 0.07873873873873875 0.004684684684684681 0.0023423423423423457 0.008648648648648638 0.003063063063063058 
0.530620325560933 0.014887813462384514 2.0237571491421008E-4 2.4637043554773393E-4 0.0019445666520017597 1.5838099428068584E-4 4.8394192696876314E-4 0.10077430708315001 5.895292564892207E-4 9.678838539375275E-5 0.22211174659040908 2.1117465904091457E-4 3.6955565332160085E-4 0.00263968323801144 0.032248130224373096 3.4315882094148676E-4 1.9357677078750513E-4 0.032652881654201465 0.0014166300043994752 3.9595248570171553E-4 0.03244170699516052 2.1117465904091484E-4 2.7276726792784824E-4 0.024373075230972277 1.1438627364716222E-4 
0.009589333333333328 0.0021688888888888908 0.0028871111111111107 4.657777777777771E-4 0.8202666666666667 8.533333333333322E-5 0.012458666666666658 0.015022222222222213 2.9155555555555564E-4 3.1999999999999986E-4 3.3422222222222214E-4 0.003850666666666665 7.466666666666651E-5 1.493333333333335E-4 0.08292266666666666 0.004376888888888891 3.591111111111109E-4 8.533333333333326E-5 0.027292444444444442 5.262222222222217E-4 9.991111111111112E-4 5.333333333333322E-5 8.888888888888873E-5 0.012074666666666664 0.00325688888888889 
0.013274929141973722 3.0919866013914035E-4 0.0012522545735635148 0.034790002576655515 0.6033341922185004 0.18027827879412522 0.030553980932749282 4.586446792063902E-4 6.183973202782783E-5 9.275959804174179E-5 0.0199793867559907 2.0613244009275985E-4 0.005436743107446533 1.494460190672506E-4 0.05322854934295282 3.349652151507351E-4 1.7005926307652705E-4 0.032991497036846174 1.3913939706261262E-4 0.0014480803916516358 2.1128575109507914E-4 4.328781241947955E-4 3.246585931460972E-4 0.012151507343468175 0.00838959031177531 
0.12736535662299847 0.011499272197962158 0.0015429403202328986 0.018631732168850116 0.3984861717612808 4.366812227074234E-4 0.012081513828238709 0.16620087336244552 3.202328966521104E-4 5.240174672489079E-4 0.04066957787481804 3.78457059679767E-4 0.0052110625909752495 0.0016302765647743848 0.1409315866084425 0.016273653566229992 6.113537117903926E-4 0.0010480349344978155 5.24017467248908E-4 0.0016885007278020455 5.24017467248908E-4 5.531295487627363E-4 8.442503639010183E-4 0.019243085880640477 0.0327802037845706 
0.12093896713615024 0.0014084507042253528 0.0016901408450704241 0.0025352112676056394 0.0033802816901408457 0.0011267605633802809 0.040657276995305164 0.20328638497652585 0.0015023474178403752 9.389671361502333E-4 0.1686384976525822 0.0014084507042253515 9.389671361502333E-4 9.389671361502333E-4 0.2138028169014084 0.0380281690140845 0.0012206572769953026 0.0030985915492957768 0.001220657276995301 9.389671361502333E-4 0.0011267605633802787 0.0028169014084507 0.0010328638497652568 0.1857276995305165 0.0015962441314553999 
0.048492706645056706 0.009601296596434364 1.2317666126418183E-4 0.009627228525121543 0.0039157212317666185 0.001238249594813615 1.880064829821722E-4 0.004602917341977308 4.2787682333873497E-4 2.6580226904376073E-4 0.21320583468395463 1.2317666126418194E-4 0.02051215559157213 0.001238249594813614 0.09091085899513775 0.005555915721231764 0.001147487844408427 0.5676564019448945 0.0010502431118314419 1.5559157212317678E-4 2.8525121555915775E-4 2.009724473257703E-4 0.003688816855753646 0.015222042139384117 5.640194489465142E-4 
0.0243154556735144 0.014545705225423968 0.007996691024403703 9.375430856197421E-5 0.0096043016682752 4.687715428098717E-5 4.411967461739981E-4 0.7018916310492209 0.008490279884185851 5.073762581000975E-4 0.09287191506962633 0.0010202674755273686 9.458155246105039E-4 0.007696125741072658 0.042410037225975444 0.00978353784640839 0.001406314628429614 0.013619192058458565 9.65117882255616E-5 0.0013814973114573276 1.626913001516612E-4 0.02687439680132359 3.0332276299462236E-5 0.03363849441610369 1.2960154418861157E-4 
0.04617230098146128 0.01269356597600873 0.0048854961832061035 0.0061068702290076335 2.8353326063249734E-4 3.271537622682662E-4 6.761177753544165E-4 4.79825517993457E-4 2.617230098146128E-4 0.06990185387131947 0.007306434023991286 7.197382769901856E-4 0.001155943293347874 4.79825517993457E-4 0.3694438386041441 5.670665212649945E-4 4.5801526717557245E-4 0.004580152671755729 0.0010250817884405671 3.70774263904035E-4 0.418538713195202 0.0010032715376226827 5.88876772082879E-4 0.051341330425299876 6.324972737186476E-4 
0.04113724594656316 9.591230874628917E-5 0.006234300068508791 0.0013975793560173553 0.005160995661109842 1.6442110070792433E-4 5.389358300981966E-4 8.31240009134506E-4 5.435030828956386E-4 0.008796528887873951 0.038342087234528414 1.73555606302809E-4 0.04580954555834664 8.951815482986984E-4 0.07938798812514274 1.1874857273350085E-4 5.526375884905233E-4 0.7636355332267638 7.764329755651994E-5 4.338890157570223E-4 2.1922813427723277E-4 9.591230874628917E-5 1.8269011189769337E-4 4.0648549897236874E-4 0.004768211920529805 
0.020547945205479458 0.008862418106015494 0.001250744490768312 4.7647409172126373E-4 0.12979154258487205 0.0775818939845146 0.0011316259678379988 5.598570577724857E-4 3.8117927337701004E-4 0.0025372245384157254 0.005515187611673623 5.598570577724847E-4 2.9779630732578913E-4 2.858844550327572E-4 0.10090530077427036 0.002370458606313282 0.46771888028588443 5.241215008933892E-4 0.05506849315068493 2.977963073257889E-4 6.670637284097679E-4 0.0010125074449076825 4.2882668254913726E-4 0.08748064324002378 0.03374627754615845 
8.356545961002785E-4 0.009303621169916444 0.00729805013927577 0.001058495821727019 0.0018941504178273019 0.12122562674094697 0.08194986072423398 0.002339832869080781 0.002228412256267416 0.005181058495821732 0.3052367688022285 8.356545961002784E-4 0.0026183844011142122 0.015543175487465167 0.2381615598885793 0.01604456824512535 0.0027298050139275792 0.02919220055710306 0.002896935933147638 9.470752089136493E-4 0.0030083565459610062 0.0015041782729805038 0.0011699164345403904 0.1456267409470752 0.0011699164345403904 
0.1102833675564682 2.4640657084188874E-4 0.001215605749486654 4.5174537987679634E-4 0.00713757700205339 1.149897330595484E-4 2.956878850102665E-4 0.009823408624229974 1.6427104722792615E-4 0.3968459958932237 0.032271047227926085 2.7104722792607743E-4 0.034242299794661174 8.213552361396288E-5 0.09311704312114989 0.007827515400410677 0.0030554414784394256 0.12119917864476384 2.464065708418889E-4 0.0063408624229979475 0.1571498973305955 1.5605749486653005E-4 3.778234086242296E-4 0.01695277207392196 1.3141683778234087E-4 
0.028571428571428505 0.028571428571428505 0.028571428571428505 0.028571428571428505 0.028571428571428505 0.028571428571428505 0.028571428571428505 0.028571428571428505 0.03142857142857137 0.08571428571428566 0.028571428571428505 0.028571428571428505 0.028571428571428505 0.028571428571428505 0.21714285714285705 0.028571428571428505 0.028571428571428505 0.028571428571428505 0.028571428571428505 0.028571428571428505 0.028571428571428505 0.028571428571428505 0.0657142857142857 0.028571428571428505 0.028571428571428505 
0.33377183967112034 0.027749229188078126 0.0031038026721479793 0.011202466598150057 0.058520041109969174 3.4943473792394615E-4 6.988694758478936E-4 0.006885919835560109 0.02460431654676259 0.04456320657759506 0.001603288797533403 0.014943473792394643 4.1109969167523033E-4 0.0031860226104830423 0.13072970195272351 8.016443987667019E-4 5.960945529290848E-4 0.0408016443987667 0.004563206577595063 0.08575539568345322 8.633093525179897E-4 0.023658787255909548 3.905447070914694E-4 0.17882836587872566 0.0014182939362795512 
0.00882758620689657 0.008137931034482786 0.0022068965517241333 0.0033103448275862007 0.008413793103448294 0.0024827586206896506 0.0077241379310345 0.11006896551724137 0.0017931034482758614 0.002344827586206891 0.11020689655172414 0.0015172413793103452 0.00193103448275862 0.001655172413793102 0.2946206896551724 0.005103448275862066 0.0019310344827586196 0.3997241379310348 0.00275862068965517 0.0016551724137931025 0.002068965517241375 0.0024827586206896527 0.003310344827586201 0.013655172413793135 0.002068965517241375 
0.021152402856797 0.011681394504297303 8.933543154581744E-4 4.3578259290642744E-5 0.010468466287374405 1.4768187870717818E-4 0.0014017673405156761 0.01705604648347657 8.473550417624971E-5 8.957753298632115E-5 0.036131218980752916 0.0015542912480329262 1.0410361941653535E-4 4.866238954121776E-4 0.06184965500544731 0.004873501997336881 9.441956179639257E-5 0.818218133397894 3.873623048057131E-5 1.573659363273211E-4 0.007020941774603556 9.199854739135682E-5 8.957753298632111E-5 8.715651858128541E-5 0.006183270790461202 
2.4772914946325284E-4 3.6333608587943813E-4 0.48104046242774595 0.04006606110652351 0.014054500412881922 0.012502064409578868 4.954582989265069E-4 2.312138728323695E-4 1.8166804293971912E-4 2.642444260941366E-4 1.981833195706025E-4 3.7985136251032135E-4 3.3030553261767086E-4 3.30305532617671E-4 0.14056151940545006 2.1469859620148625E-4 0.006094137076796041 1.651527663088357E-4 4.6242774566474047E-4 3.468208092485544E-4 2.8075970272502005E-4 1.8166804293971912E-4 1.8166804293971912E-4 0.3003798513625105 4.4591246903385713E-4 
1.9047619047619092E-4 1.0928961748633903E-4 0.025904761904761903 0.017080405932864973 0.0017174082747853263 1.4988290398126492E-4 0.0765870413739267 1.561280249804841E-4 1.1553473848555845E-4 9.367681498829053E-5 2.466822794691653E-4 3.0913348946135844E-4 5.6206088992974255E-5 6.557377049180327E-5 0.08787509758001559 2.779078844652618E-4 0.7382669789227166 1.9984387197501975E-4 5.620608899297424E-5 7.74395003903201E-4 2.1233411397345855E-4 1.0304449648711952E-4 2.2482435597189764E-4 0.014454332552693207 0.0347728337236534 
1.6784715195524103E-4 0.01620974941967741 0.8591905243735494 4.76162133206357E-5 7.142431998095354E-5 3.09505386584132E-5 2.3570025593714684E-4 0.0013403964049758935 2.2974822927206696E-4 1.2023093863460481E-4 4.511636212130236E-4 1.6308553062317738E-4 4.76162133206357E-5 7.261472531396943E-5 0.045892506398428685 4.285459198857212E-5 3.702160585679426E-4 7.499553598000124E-5 3.809297065650857E-5 0.005348491161240404 1.0356526397238222E-4 5.3568239985715144E-5 3.09505386584132E-5 0.06842092732575442 0.001245163978334623 
2.4588262584087256E-4 0.03475295755045234 0.5460635583391327 1.299002551612157E-4 1.7629320343307852E-4 0.13053583855254003 1.1598237067965701E-4 7.422871723498047E-5 6.495012758060788E-5 2.4124333101368633E-4 6.031083275342161E-5 0.006096033402922758 6.031083275342161E-5 0.0019021108791463682 0.11219670610067267 2.2732544653212734E-4 1.762932034330785E-4 1.7629320343307843E-4 1.577360241243334E-4 0.0040593829737879845 5.567153792623534E-5 1.0670378102528446E-4 5.103224309904903E-5 0.15857109719322668 0.0037021572720946404 
0.0010072327886418442 0.011133136887222068 0.2638360567907849 5.089740155371016E-4 9.643718189124019E-5 1.3394053040450028E-4 0.3400964371818913 2.8395392445754126E-4 5.35762121618002E-4 8.572193945888016E-5 0.0020251808197160456 0.0027055987141709013 7.500669702652018E-5 2.3037771229574057E-4 0.20228770425930878 1.2322528797214022E-4 1.285829091883203E-4 2.678810608090012E-4 0.0010554513795874643 0.019089204393249404 2.0894722743102095E-4 1.0715242432360026E-4 9.643718189124015E-5 0.1537583712831504 1.2322528797214036E-4 
5.199306759098784E-4 0.008284228769497394 0.15123050259965334 6.932409012131713E-4 0.001247833622183708 4.159445407279027E-4 0.32117850953206223 8.318890814558057E-4 0.002876949740034664 0.0029116117850953227 8.665511265164645E-4 0.008700173310225306 4.1594454072790284E-4 0.0029809358752166397 0.48714038128249576 3.466204506065857E-4 4.8526863084922005E-4 4.159445407279028E-4 7.2790294627383E-4 0.0027036395147313707 7.972270363951471E-4 0.0014211438474870041 0.001421143847487002 7.2790294627383E-4 6.585788561525129E-4 
1.5961691939345553E-4 9.04495876562915E-5 0.025788773610002667 0.014354881617451448 6.969938813514226E-4 0.649662144187284 0.02436286246342112 1.8089917531258318E-4 1.0641127959563696E-4 2.1282255919127463E-4 1.489757914338914E-4 7.980845969672785E-5 1.1173184357541858E-4 1.702580473530193E-4 0.2478691141260974 2.713487629688749E-4 0.0018994413407821234 7.4487895716946E-5 1.3301409949454624E-4 2.075019952114924E-4 0.004836392657621712 9.577015163607333E-5 9.577015163607323E-5 0.023740356477786675 0.004650172918329345 
2.3608768971332219E-4 4.946599213041032E-4 0.048465430016863424 0.020584598088813945 4.609331084879137E-4 3.37268128161888E-4 0.03125351320966836 5.733558178752099E-4 2.3608768971332224E-4 0.003709949409780777 0.0033052276559865108 3.372681281618884E-4 4.3844856661045476E-4 8.09443507588535E-4 0.8204946599213039 4.159640247329957E-4 0.0024283305227655984 3.7099494097807696E-4 3.7099494097807685E-4 0.0018324901630129287 1.7987633501967412E-4 0.0016076447442383373 1.2366498032602595E-4 0.06052838673412035 4.0472175379426526E-4 
9.437386569872961E-4 0.001125226860254082 0.008747731397459168 0.002105263157894733 6.170598911070794E-4 0.17092558983666056 8.711433756805801E-4 4.35571687840291E-4 0.006170598911070789 5.081669691470064E-4 0.009364791288566246 5.081669691470064E-4 7.622504537205084E-4 6.170598911070787E-4 0.5694736842105266 6.533575317604371E-4 0.014228675136116156 5.807622504537227E-4 3.9927404718693353E-4 0.07114337568058077 3.9927404718693353E-4 0.002141560798548093 5.081669691470064E-4 0.1353901996370236 0.0013793103448275846 
1.6227180527383356E-4 5.273833671399597E-4 0.18753211629479377 0.0035294117647058825 0.0014874915483434731 0.009019607843137262 0.002461122379986475 0.0010006761325219743 3.380662609871535E-4 3.5158891142663963E-4 2.5693035835023663E-4 0.005882352941176474 5.409060175794455E-4 1.7579445571331981E-4 0.5543069641649762 2.0283975659229209E-4 6.355645706558487E-4 1.7579445571331981E-4 2.7045300878972273E-4 5.138607167004733E-4 1.893171061528059E-4 1.6227180527383356E-4 0.0059905341446923645 0.22279918864097353 0.0014874915483434736 
1.142494446207555E-4 6.029831799428753E-4 7.299270072992701E-4 0.001142494446207553 5.902887972072359E-4 0.13401459854014605 0.030409393843224358 1.0155506188511593E-4 1.4598540145985414E-4 1.0155506188511598E-4 1.7772135829895297E-4 1.4598540145985416E-4 1.8406854966677286E-4 1.0790225325293578E-4 0.042716597905426826 0.00814979371628055 0.001885115836242464 1.0790225325293575E-4 3.7448429070136485E-4 1.5233259282767408E-4 1.2059663598857538E-4 1.2694382735639495E-4 9.520787051729612E-5 0.18046334496985075 0.5972389717549981 
