0.1114814078345595 0.263818651819447 0.004702326506263667 0.021843706502286706 0.03253529528733343 1.53509644064428E-4 1.3203420163054484E-4 2.569099224497933E-4 0.030732948896400783 1.360111354145967E-4 5.273414197653607E-4 0.0011381984489958294 2.696361105587606E-4 0.2686522171405844 1.0976337243985019E-4 0.025793597136607626 0.05425730761582811 0.022967587989659945 6.092662557168426E-4 0.049382382183336605 1.9646052893219473E-4 1.0737721216941894E-4 1.781666335255538E-4 0.109279777291708 7.381189103201425E-4 
0.11490947636209473 0.21074496502013976 0.0014577061691753155 0.02442145431418281 0.008552045791816842 0.006595717617129547 6.427814288742825E-4 5.367818528725916E-4 0.02223362306550772 0.0010430358278566872 0.00262709349162603 0.005884248463006175 7.547169811320719E-5 0.28991392834428636 0.005523849904600387 0.021453466186135296 0.09492898028407888 0.02049862200551199 2.9679881280475E-4 0.015721857112571503 8.395166419334278E-5 4.816620733517101E-4 0.0030027559889760436 0.10484545261818963 0.043524273902904496 
0.00499586103097956 0.1904126426690077 1.3294870186880762E-4 0.06333023955850985 0.00593804088799699 1.1087420042644E-4 8.729461934027287E-5 1.0234541577825232E-4 0.0576049165935031 1.093691207826423E-4 4.515238931393405E-4 0.025912956227267026 7.510347422551121E-4 0.1457945566286216 0.0030161796061708274 0.19706810485388193 9.632509720305998E-5 0.010576696350181873 1.3294870186880732E-4 0.06742505957606917 0.0013194531543960866 6.622350432710345E-5 1.0686065470964517E-4 0.1504291985450901 0.0740283456666249 
0.012746894122010024 0.1983808640830706 7.572779529019069E-4 0.0440356017059151 0.001165214166512138 1.2905618394214744E-4 0.005889115520118668 0.0031826441683663973 0.039621731874652316 8.23289449286116E-5 9.938809567958463E-4 0.012628221768959785 1.0309660671240551E-4 0.25719265714815503 0.0027828666790283675 0.15997700723159658 2.0248470239198822E-4 0.014848878175412573 0.010124235119599485 0.05395364361208975 9.360281846838489E-4 2.462451325792678E-4 1.3647320600778848E-4 0.12769738549972198 0.052186167253847594 
0.050234601804629256 0.15969818229371 2.495096116123982E-4 4.5717274748267314E-4 0.029857460442003412 1.7732444095723955E-4 1.0880083692951513E-4 0.0010435464888191419 0.23057774290571492 5.858506603896902E-5 9.990846083431466E-5 0.04447391133777947 5.1785013730874334E-5 0.1592833791029162 0.002241401856937362 0.003965999738459537 7.166208970838184E-5 8.421603243101937E-5 0.031177716751667323 0.0019265071269779035 7.689289917614716E-5 3.128024061723558E-4 1.1612397018438654E-4 0.21789459918922455 0.0657601673859031 
0.05451572904707229 0.14718071182548784 1.3409873708381093E-4 8.266360505166481E-5 1.6808266360505235E-4 1.9747416762342198E-4 3.7106773823191623E-4 3.462686567164167E-4 0.14629437428243405 0.0035490241102181432 9.276693455797857E-5 1.983926521239963E-4 7.807118254879434E-5 0.29693501722158466 1.1756601607347718E-4 0.005601836969001146 1.3042479908151422E-4 3.132032146957518E-4 0.12877336394948352 1.543053960964405E-4 9.001148105625652E-5 0.002388978185993114 1.4787600459242298E-4 0.17025579793340986 0.04188289322617685 
0.0018999841244642108 0.20297126528020326 7.937767899666688E-5 0.016419114145102415 2.7369423718050625E-4 5.886648674392671E-4 1.9241149388792E-4 0.009131608191776467 0.04630703286235916 6.858231465312018E-5 1.1747896491506666E-4 2.978250515954925E-4 6.350214319733365E-5 0.20149865057945712 0.012708048896650285 0.0837555167486904 0.03760342911573264 0.13349293538656926 4.1149388791871807E-4 0.0300428639466582 2.0828702968725304E-4 5.397682171773354E-5 8.255278615653354E-5 0.18343419590411184 0.0382975075408795 
9.043039571180868E-4 0.1993088443953966 7.542172473592945E-4 2.8629985811130256E-4 1.3747438120763095E-4 0.001080876556834304 1.6459088759262255E-4 4.666561563928715E-4 0.04044584581428346 1.425193126280947E-4 3.5629828157023497E-4 0.05750654264543592 2.957591045246719E-4 0.19477092858268955 0.004582689579063535 0.05513542487781812 0.006805612486205262 0.11943622891376324 0.01820148194860477 0.02649787166955697 0.0033195648746649807 3.7584739082452553E-4 4.0674759577486716E-4 0.18095916758631583 0.08765820589626368 
0.0014056343994916357 0.1865765727600084 3.5670408811692874E-4 0.11459775471298449 0.017351408599872893 2.474052107604285E-4 0.0017326837534420733 6.422368142342743E-4 0.04627917814022456 6.820588858292752E-4 1.1522982418979073E-4 0.03512476170302899 3.1688201652192315E-4 0.26297648803219675 0.01960686295276425 0.0012844736284685484 0.011610252065240413 0.032353314975640785 2.126668078796845E-4 0.10346282567252693 1.3132810845159894E-4 2.008049142130892E-4 2.346960389747913E-4 0.1230010590976488 0.03949671679728865 
0.02548615430179182 0.3018788686509702 0.03307685473123055 5.419813416259452E-4 0.025871760698948604 6.343847179031579E-4 1.1372723234118274E-4 8.825707093143869E-5 0.09687072412261209 1.705908485117733E-4 6.717014660151074E-4 8.896786613357114E-4 2.0968458462905553E-4 0.20486183918258563 8.375536798459975E-4 0.01386169110025174 0.10364519472826891 0.03038471790315414 6.059529098178626E-4 0.00300014808233377 1.0365763364430685E-4 6.189841551902857E-4 0.005155634532800237 0.127507181993188 0.02291307567007255 
0.2911977869986159 0.038579253112033064 0.0013078838174273987 2.6666666666666587E-4 0.02253056708160459 0.0058467496542184885 0.002180912863070543 6.030428769018002E-4 0.005351037344398287 3.4633471645919455E-4 0.004506777316735802 1.7150760719225378E-4 6.229598893499338E-4 0.5263369294605792 4.3485477178422895E-4 1.0843706777316802E-4 4.4923928077454737E-4 8.077455048409468E-5 3.507607192254457E-4 4.4813278008298314E-4 1.5601659751037278E-4 9.515905947441278E-5 1.2171507607192304E-4 0.0971031811894888 8.033195020746907E-4 
0.0019951100244498723 0.08372616136919317 6.291768541157264E-4 0.0010594947025264806 0.09562510187449064 4.2379788101059175E-4 0.005626731866340661 0.02137571312143438 0.014930725346373297 2.4123879380603185E-4 5.215973920130373E-4 0.007442542787286038 0.018154849225753902 0.14205704971475153 0.08651996740016293 0.15599348003259994 9.747351263243638E-4 0.02134963325183374 4.694376528117317E-4 0.03424612876935617 5.802770986145024E-4 0.001610431947840257 5.639771801140943E-4 8.247758761206113E-4 0.303057864710677 
0.06550049099836339 0.1995692307692307 0.15480720130932926 1.780687397708664E-4 1.8461538461538382E-4 1.0998363338788857E-4 1.03436988543371E-4 1.0998363338788863E-4 0.061635351882160246 3.286415711947657E-4 2.4615384615384495E-4 4.464811783960772E-4 2.029459901800315E-4 0.4490854337152209 2.3044189852700355E-4 1.898527004909973E-4 4.92307692307695E-4 3.5482815057283346E-4 3.5220949263502975E-4 7.685761047463238E-4 1.0605564648117816E-4 7.607201309329016E-4 2.2913256955810007E-4 0.06276530278232405 0.00124255319148937 
0.23693226057617447 0.16093745133662096 0.0013246820659226558 9.135738385673474E-5 0.02157280041526081 0.0014606799896184756 1.5364650921359933E-4 9.758629639242148E-5 0.0037633013236439126 1.4326498832078867E-4 5.979756034259003E-4 1.5779911757072334E-4 0.0017575914871528642 0.3488388268881394 0.0014554892291720732 2.242408512847124E-4 3.4778094990916094E-4 2.50194653516739E-4 0.0010153127433168928 0.007892032182714809 0.0065507396833636225 9.654814430313986E-5 0.0026369063067739405 0.1623088502465611 0.039392681027770604 
0.06241833088080726 0.20026571368509585 8.299348328778618E-4 0.011556863569476552 0.005912129493378149 0.0014034055076729017 1.1688038679840322E-4 1.9676266554551105E-4 0.05996552449022494 0.0823754467101114 1.3369770863989983E-4 1.7826361151986443E-4 0.004416228715577046 0.2580315324784529 0.029364725667437447 0.0012865251208745052 0.03999999999999993 1.8499054025646308E-4 0.011825940718940503 0.0012596174059281067 0.008393525331091018 1.118351902459543E-4 1.6565062013874243E-4 0.12509985284843356 0.09450662182047498 
0.004213278293773671 0.07341314069487455 2.2703818369453093E-4 2.573099415204683E-4 4.348125214998243E-4 2.380460956312354E-4 7.444100447196456E-4 0.012619195046439635 9.508083935328546E-4 2.6418988648090763E-4 0.014629514963880295 3.797729618163007E-4 0.0018410732714138254 0.39509597523219897 0.0031069831441348354 0.01655452356381149 0.005644306845545253 0.19863364293085653 2.4217406260749918E-4 0.01638665290677673 1.6924664602683238E-4 0.0011613347093223207 5.655314757481928E-4 0.08095493636050914 0.17127210182318556 
0.011875943684962266 0.20346296674148168 7.263823709447127E-4 4.8561518057539123E-4 3.329932666802672E-4 3.7135278514588475E-4 7.647418894103219E-4 3.835951846561902E-4 0.012752499489900005 3.1830238726790277E-4 1.9261375229544874E-4 0.0021905733523770667 1.0691695572332084E-4 0.2597290348908388 0.024763109569475635 0.11917241379310345 0.0013997143440114342 0.13449010406039594 0.0076694552132217765 0.02411915935523356 2.1220159151193803E-4 1.150785553968571E-4 6.047745358090184E-4 0.15740542746378272 0.03635502958579882 
0.0033882306863800807 0.191627925193381 3.278174875159115E-4 0.0472617252521296 0.023542152159012997 3.8460785273670864E-4 1.1044746891217064E-4 6.955840595319669E-4 0.029159306765886635 4.8565553706060853E-5 3.8460785273670755E-4 0.015654949574072256 1.0026436894154501E-4 0.12406070694213263 0.027472828747674535 0.15485635954176047 4.692059140311343E-4 0.017639479095270694 0.00678233623812788 0.05922451777146774 2.420444531479514E-4 3.658082835601696E-4 1.0535591892685785E-4 0.24352452756290982 0.0525706452560462 
0.020429755534571412 0.20447927814500036 1.964117091595821E-4 0.001645997272059597 0.017235127478753567 0.005070611688175425 4.490609589759735E-5 8.351694470674646E-5 0.005608225789528902 0.0028882593641800444 4.838946595320521E-4 0.02729241422725845 6.0014688909873095E-5 0.1393343825411813 0.00739607596264821 0.1422763613471829 0.0011977756793620847 0.08133039555135865 0.01019871996642536 0.04902864337425242 1.2044906095897609E-4 1.813031161473071E-4 4.6249081943133005E-4 0.2245795824152765 0.05837540656804117 
0.006179073180960357 0.18722583350807312 1.9878381211993902E-4 0.022127070664709595 0.051167120989725284 9.813378066680708E-5 0.005956804361501363 0.04223610819878383 0.02197357936674358 3.782763682113626E-4 0.004842944013420005 3.1033759698049503E-4 3.103375969804944E-4 0.27305766408051946 0.0388232333822605 0.09577856993080307 2.1388131683790888E-4 0.0010232753197735361 4.4286013839379024E-4 0.12271922834975879 3.883413713566755E-4 8.13587754246179E-5 2.8265883833088694E-4 0.12376095617529873 4.2356888236527225E-4 
0.021104425725364338 0.17781040246022214 1.5563578018451549E-4 1.738200294156958E-4 0.03686214734590191 9.733921647278952E-5 9.947853991175238E-5 0.011430405134376253 0.052316619868966414 2.6581093729108096E-4 0.0020195213263805188 0.01073084636983554 2.454873646209366E-4 0.17062441502874734 0.006273031153897581 0.15436395240005324 1.449391629897028E-4 0.05316218745821635 6.712127289744671E-4 0.05717341890627086 1.3959085439229735E-4 1.2942906805722552E-4 0.0031282256986228225 0.18385933948388805 0.057018317956946105 
0.0016223288268643692 0.13786364297136233 4.965838057857232E-4 0.016141299607501092 0.018399767408053477 1.1687745311818677E-4 3.128361680476807E-4 0.00340630905654892 0.020123273731647046 3.4772496002325837E-4 2.2561418810873715E-4 9.53626980665801E-5 8.722197993894523E-5 0.1916848379124875 0.003413868294810296 0.12263701119348763 2.750399767408046E-4 0.09095159180113385 0.023193487425497893 0.09585521151330127 8.954789940398434E-5 0.001405436836749529 1.0234045646169673E-4 0.23552260502980096 0.03563017880505886 
0.006550693318926707 0.15700558256798117 0.0011013866378534046 0.18914604718170355 2.240230506032757E-4 1.34701962902934E-4 0.026758869079776718 0.03541581127318567 0.0012965964343598002 1.944894651539689E-4 1.3254096884566773E-4 0.013212317666126412 1.1237169097784848E-4 0.21997622906536993 1.3614262560777873E-4 2.1177741761209967E-4 0.0017885827480641006 2.233027192508535E-4 0.0010063028993336867 0.10558040698721417 0.010771114712767876 2.513956419953164E-4 0.01022654421033673 0.15596182243832185 0.06258094723572838 
1.8764794491069557E-4 0.11848934796642992 9.175812352054977E-4 0.14522401549386674 1.6010329244674028E-4 2.814719173660431E-4 0.018723477512373552 0.03577792123950935 6.008177318700221E-4 8.521626856036171E-5 2.7888960619754734E-4 0.012707553260167844 9.141381536475062E-4 0.2520361523563589 0.009954809554551344 0.002013341941037224 2.358510867226172E-4 0.001617387561867864 1.45470195825264E-4 0.10801893694856923 0.006484183344092959 1.1534323219281284E-4 0.012890897353131037 0.16865848934796662 0.1034809554551323 
1.8003214859796314E-4 0.1229248080014289 9.215931416324443E-5 0.05636577960350065 0.04796285050901948 5.808180032148603E-4 2.0003572066440293E-4 1.371673513127352E-4 0.007112698696195724 7.215574209680309E-5 0.07856331487765668 0.026063225575995694 2.407572780853707E-4 0.20901018038935512 0.005835327737095906 0.1177653152348634 1.843186283264869E-4 0.020788712270048235 0.0011987854974102599 0.08421932487944274 1.2859439185568955E-4 1.6574388283622073E-4 0.001773173781032335 0.16738060367922872 0.051054116806572576 
0.05345616038573796 0.19716431924882613 0.002889481030326095 1.817028295901521E-4 0.009039969547011832 0.0011896967389925111 0.001409973353635326 0.015616292348686677 0.07376525821596236 2.4666920441568233E-4 2.481918538256557E-4 0.0023362517447024344 1.7611978175358363E-4 0.16130694074355986 0.01767542190077402 0.13558025631265058 2.5935794949879344E-4 0.004840502474305293 8.846593071945258E-4 0.10004161908387262 8.729856617180517E-5 0.0017002918411369102 8.070041872858782E-5 0.20633878949371903 0.013484075624920698 
0.08937624628301558 0.21859996501661713 0.02279307329018718 0.02485569354556587 0.13915690047227577 0.004305055098828061 0.010711212174217243 8.605912191708886E-5 0.027447262550288606 0.0071555011369599485 1.7421724680776382E-4 0.008694070316599604 0.0010837852020290399 0.21246597866013653 3.022564281966044E-4 0.003801294385167047 0.023940528249081668 2.2179464754241534E-4 0.07720272870386558 0.0014049326569879278 9.291586496414207E-4 1.7771558509707653E-4 1.56725555361201E-4 0.12463599790099707 3.218471226167559E-4 
0.03122803089667522 0.1609331691481026 1.5134893093025906E-4 0.00195947609985446 0.07650957125265868 0.005496473749020498 0.004046568901824693 4.119556699876868E-4 0.08848225680062691 0.0034093809470502603 3.501623194895339E-4 4.352401209000345E-4 1.3119892533303517E-4 0.16347251763125487 0.0016693160192544465 0.0010894436359565676 0.0022635172954214716 8.776446882346431E-5 0.138256352848987 2.9866786074107354E-4 2.2881450800403037E-4 0.0024659129071980296 5.395723721034384E-4 0.3094651292958692 0.0066181573939326265 
0.1900476080425236 0.19495447192049917 0.0025865495724520376 1.9597873815576538E-4 0.01857545643633001 0.0013949618673445804 7.580309683383421E-5 2.4220013866420068E-4 0.07572914259302066 9.336722902704032E-5 1.5068176565749948E-4 0.002067021030737234 3.9935290039288336E-4 0.3172322625375552 4.1044603651490576E-4 4.354055927894636E-4 2.3295585856251364E-4 2.791772590709518E-4 0.01729604807025649 0.0027621908943840927 0.006442338802865714 0.0031911254911023857 5.112086896232962E-4 0.1643124566674371 3.8178876819967606E-4 
0.036000000000000004 0.13707513227513218 0.005502645502645493 1.8483245149911897E-4 3.7107583774250536E-4 5.079365079365081E-4 1.1287477954144693E-4 5.36155202821871E-4 0.024574250440917097 1.1005291005291071E-4 2.0458553791887234E-4 1.6790123456790208E-4 1.142857142857151E-4 0.42340458553791904 7.365079365079377E-4 4.4162257495590956E-4 2.9629629629629776E-4 4.8253968253968377E-4 0.23770723104056438 3.1181657848324636E-4 2.511463844797184E-4 1.989417989418003E-4 1.6649029982363463E-4 0.09323456790123448 0.03730652557319232 
0.05498242933537051 0.14861828367710708 4.8688566335625003E-4 1.0898905016552001E-4 0.0023152533740769107 0.001111280875986763 2.1695951107715664E-4 0.012248535777947553 0.02488922841864019 7.537560478736964E-5 1.2223071046600398E-4 7.822765469824399E-4 8.759867583396949E-5 0.30160529666412017 2.780748663101596E-4 2.261268143621074E-4 0.0013139801375095525 4.1151005856888E-4 0.21223020117137756 2.57703081232491E-4 5.5003819709702E-4 2.6177743824802493E-4 0.003935828877005343 0.1722515915457089 0.06063254392666155 
0.02094988434849654 0.22966599845797991 9.868928296067867E-5 4.983808789514275E-4 7.463377023901272E-5 6.044718581341478E-5 6.482652274479578E-4 6.908249807247513E-4 0.14824734001542011 1.282960678488827E-4 1.7517347725520564E-4 1.4001542020046346E-4 9.128758673862803E-5 0.17203022359290657 1.4988434849653117E-4 0.015338781804163464 0.014791673091750196 2.7016191210485794E-4 0.08289344641480337 3.7255204317656194E-4 7.093292212798739E-5 0.001146029298380876 1.3569776407093318E-4 0.23192043176561275 0.07941094834232845 
0.02118152397764046 0.14797999411591625 0.044747278611356314 0.002212415416298923 0.002298323036187114 0.19950220653133283 0.004821418064136522 1.1415122094733684E-4 0.0017616946160635449 5.895851721094428E-4 0.011080906148867309 0.002651368049426316 3.683436304795523E-4 0.4120023536334217 4.6484260076493057E-4 3.601059135039714E-4 0.0013097969991173874 3.0597234480729595E-4 0.02838952633127389 2.6949102677257955E-4 3.165636952044715E-4 9.532215357458024E-5 5.766401882906734E-4 0.0788796704913209 0.03772050603118568 
0.0017305132376867391 0.18459991125573252 9.998520928856612E-5 0.02459399497115813 0.006427451560420053 8.614110338707383E-4 2.3783463984617447E-4 1.662475965093909E-4 0.015621357787309574 7.466351131489425E-4 4.3603017305132084E-4 0.0036710545777251815 4.4312971453926706E-4 0.17360094660553235 0.03295725484395801 0.004750184883892913 0.038926194349948165 0.06454311492382796 0.0051093033574914955 0.04434846916136647 8.164472711137373E-5 0.16163585268451347 0.0030971749741162623 0.126564709362521 0.10474959325543588 
0.02119215139904793 0.22212562405665864 7.987925229304569E-5 0.0034510623476140755 0.052084987809125696 1.2771392081737033E-4 6.269592476488992E-5 0.0013110414489724811 0.07218344363171948 1.61616161616162E-4 1.300359921049587E-4 0.0031310809241843667 8.91675374434003E-5 0.14458144665041203 0.007053059328921406 0.1737787066062924 0.0017805642633228816 0.015047486357831168 9.506559851387355E-4 0.019496110530593275 4.6023452920004724E-4 1.0077789388134245E-4 1.6626030419133927E-4 0.1446511087890401 0.11580308835481254 
6.560697707131786E-4 0.2135090730060486 0.0011472780981854093 0.0070170206780137915 0.019957237304824862 8.940779293852853E-4 2.0312280208186718E-4 1.2041074694049666E-4 0.011727106484737664 1.0071740047826652E-4 0.0541578281052187 0.022301870867913912 8.890139260092808E-5 0.19592910395273597 0.00991363060908707 0.004285272190181465 0.006344633563089031 0.2265770150513433 8.383738922492562E-5 0.05798396398930937 1.935574623716404E-4 1.1872274581516328E-4 3.100295400196925E-4 0.09170066113377412 0.0746788577859052 
0.010950770387072524 0.09526794438181146 3.938369034197696E-4 2.3149192033070513E-4 0.002971815107102594 1.8188650883126778E-4 0.0018654641112363795 0.030803457346862077 4.073656520105273E-4 4.239007891770063E-4 6.388575723412288E-4 3.337091319053014E-4 0.0022217211574596034 0.4306771890266815 1.623449830890647E-4 0.0026155580608793754 0.0010131529500187956 0.17352123261931582 0.0020263059000375848 7.410747839158266E-4 1.6685456595265047E-4 3.307027433295782E-4 0.00150319428786171 0.05221195039458846 0.18833821871476875 
6.903849662470365E-4 0.17063747491333692 2.649151614668842E-4 9.618682722130963E-4 0.0178288633461047 4.962598066046377E-4 2.2623608830505296E-4 0.007292829775588392 0.02271921182266011 2.1747856230614764E-4 0.030385696040868448 0.0025630359423462795 9.852216748768422E-5 0.22671702244116057 1.39390622149242E-4 0.0014909688013136399 0.005689472723955478 0.19990877577084473 0.003245393176427666 0.019381864623243955 1.4668856048166308E-4 0.0027060755336617355 0.018471081919357785 0.14178726509761003 0.125933223864258 
0.015913258512459606 0.16630549743199552 0.022080273920486962 0.001425147422484305 3.3250903557161833E-4 7.243675099866807E-4 3.081605478409775E-4 1.4456914590070305E-4 0.03335818908122504 1.3772113372645942E-4 0.009018832033479198 1.4685181662545062E-4 0.001647327373026436 0.2675670534525398 8.521970705725683E-4 0.07618870077991252 0.16009663306068092 0.05360471751949781 4.8164352292182284E-4 0.0012699258132014373 1.0728552406315268E-4 9.739395092257919E-5 0.010957580369031788 0.15882670724747958 0.018407456724367527 
0.0033876465989053943 0.17282627052384664 3.521501172791258E-4 0.12351712275215003 0.026355590304925708 1.344800625488676E-4 0.016250820953870183 9.569976544175041E-4 9.069585613760808E-5 1.3760750586395775E-4 1.5324472243940704E-4 0.019185613760750585 9.132134480062607E-5 0.2188591086786553 0.007928068803752939 1.4136043784206497E-4 0.029878342455042967 0.08020265832681778 1.1884284597341775E-4 0.12482251759186863 7.568412822517598E-5 0.0058864738076622415 7.505863956215791E-5 0.1683934323690384 1.7888975762314413E-4 
0.007523530736320644 0.17655663138932662 0.04501778878630945 0.07260076559333475 6.403963071380403E-4 1.6392704345868009E-4 1.1348795316370144E-4 7.0254447196577E-5 0.003505516775501016 9.997748254897518E-5 1.0988516099977454E-4 0.006068002702094107 3.5487502814681837E-4 0.3131177662688585 0.09219004728664713 7.20558432785406E-5 0.03181805899572168 0.05048682729115075 2.4859265931096537E-4 0.05313848232380096 1.432109885160994E-4 0.0031362305786984926 0.0031947759513623153 0.13942625534789435 2.0265705922089576E-4 
0.014408963585434162 0.19437025719378676 0.007874713521772343 3.5854341736694505E-4 0.004427807486631016 6.773618538324435E-4 4.16603004838297E-4 0.001727527374586191 0.03397300738477214 8.454290807231979E-5 3.6465495289024507E-4 0.0030099312452253756 0.0020045836516424742 0.3387848230201172 0.001235548764960528 3.035395976572431E-4 0.014748153806977351 0.19587675070028027 2.44461420932008E-4 0.04903183091418384 1.1713776419658697E-4 1.8029029793735594E-4 0.007839062897886434 0.12762923351158637 3.106697224344266E-4 
0.0084852424912235 0.14398231699388925 0.0010375763879859516 1.0557794825120202E-4 0.005761539461708481 0.005037056299570926 8.539851774801741E-4 0.0011493953972175227 0.018572877389156143 0.0032822779872578316 0.020281367832531524 0.014674294630087098 5.507736315173624E-4 0.1964311532960603 0.012103497594591076 0.019022753868157577 0.013787543882460014 0.1905598751787804 0.00219269275776882 0.13103003510596803 1.7110908854505214E-4 2.6888571057079856E-4 2.3507996359381045E-4 0.20976986087634905 6.532310492783733E-4 
0.021385070700427476 0.11249720486682019 0.002016441959881623 0.17026635975008217 0.016748438013811234 0.007679052943110817 9.233804669516659E-4 2.0124958895100217E-4 2.55179217362709E-4 1.723117395593548E-4 1.4731996053929557E-4 0.0018533377178559832 0.003156856297270618 0.4540164419598815 0.04140348569549498 1.6836566918776671E-4 0.0021203551463334505 0.006174284774745138 1.1838211114764788E-4 0.009905951989477121 0.018300559026635976 8.418283459388305E-5 1.4995067412035482E-4 0.13004406445248257 2.1177244327523777E-4 
0.0016369774084653472 0.12063048558815885 2.7109841599584487E-4 0.13254739028823684 1.4645546611269784E-4 8.673071929369124E-4 0.014792002077382502 0.027062061802129306 3.1160737470786764E-4 1.6515190859516985E-4 3.6873539340431E-4 4.68449753310828E-4 1.4645546611269776E-4 0.3312220202544795 0.011772526616463257 0.007832770708906775 5.224616982601935E-4 8.984679304076925E-4 2.2331861854063862E-4 0.07525110360945207 0.007900285640093478 2.1604777979745515E-4 0.013641132173461443 0.17679252142300686 0.07431316541158159 
0.015964771817453965 0.12401921537229789 0.004418468107819584 0.10562476647985061 0.002706164931945548 1.7827595409661292E-4 1.5479049906591997E-4 0.020168668267947755 3.3093141179610527E-4 8.967173738991138E-5 0.012302108353349318 0.0019161996263677634 2.957032292500679E-4 0.3580635174806509 2.145716573258634E-4 1.8788364024553217E-4 0.012427008273285281 1.2703496130237488E-4 2.295169468908492E-4 0.20265278889778485 0.0017261809447558082 2.3271950894048667E-4 5.583133173205254E-4 0.1035014678409394 0.03190926074192699 
2.5431745682543186E-4 0.06724188758112419 7.303926960730433E-5 0.0198908810911891 2.0107798922010828E-4 0.0018048619513804862 1.029589704102975E-4 0.022522494775052224 4.751952480475191E-5 6.95193048069526E-5 0.016306676933230676 0.1525288747112529 1.4475855241447643E-4 0.13524716752832464 0.007395006049939502 0.12359124408755927 0.004270597294027052 0.03268155318446813 6.59993400066E-5 0.21870069299307 1.425585744142562E-4 1.0999890001100133E-4 1.6587834121658897E-4 0.15181080189198112 0.04462963370366294 
0.06809215731905975 0.1969076099604374 0.029159878985338554 0.014526413777053743 0.013953921340470089 8.582732138701513E-4 2.7274842913660636E-4 0.004160111705841287 7.419129625320057E-4 0.023145450314172433 8.713055620200305E-4 0.014580404933674629 6.599953455899514E-4 0.31682755410751684 0.038262974168024204 0.002355131487084012 0.011623923667675156 0.0969988363974866 0.0014242494763788741 0.002493832906679093 0.00133674656737259 0.006828019548522228 3.127763555969276E-4 0.14953316267163108 0.004072608796834997 
0.004803414962929683 0.1846308694675352 2.570208941810842E-4 1.7434284430465144E-4 1.2491574926982782E-4 3.6036845652662484E-4 1.3300381936643578E-4 0.0014306897326443503 0.023336778252078166 1.9501235677375992E-4 7.719613569984298E-4 0.004531116603010555 1.482812851044721E-4 0.31336688384632627 0.0011215457200629106 0.029509773084700076 0.03749539429341725 0.18702583689058636 0.0010397663446416567 0.04281374971916418 8.986744551786163E-5 0.0011431139069871968 4.3675578521680633E-4 0.1647306223320602 3.289148505953734E-4 
0.02225802543912781 0.14715283666464754 0.008742176458711894 0.1754871794871794 8.479709267110783E-5 5.095901473854203E-4 0.04439006662628709 0.018362204724409463 0.0033716939228750267 7.938623056733268E-4 1.7120936805976015E-4 1.4052089642640703E-4 1.122551988693712E-4 0.24361881687865936 0.025636180092873016 4.3529174237835473E-4 5.152432868968286E-4 0.0012493438320209994 6.250757116898836E-4 0.08588734100545126 0.004852816474863717 0.0017524732485362418 0.023327276398142523 0.14424873813850198 0.04627498485766207 
0.046891377963011176 0.23048606407918754 0.11360354258921589 3.9385256577233874E-4 0.002049492055222715 0.005409742120343841 0.001346183902057826 1.1982287053920343E-4 0.02446887210210994 1.104454284970049E-4 0.002107840583485287 0.03330242250586085 4.855431101849454E-4 0.31482469393071083 1.9484240687678904E-4 6.147434227663462E-4 0.040898150560041695 0.0018358947642615254 4.970044282365211E-4 5.261786923678027E-4 9.27324824172967E-5 3.7718155769731875E-4 1.1773899452982604E-4 0.13874238082834053 0.04050325605626463 
0.007318390494193909 0.15725951930866872 0.04238293275722389 0.003308668647042938 8.317580340264586E-5 1.5879017013232534E-4 5.379422090197132E-4 0.0019929786659465248 0.022746961922765315 0.001027275182284638 6.28679449095326E-4 0.0479265460437483 1.3394544963542956E-4 0.33052227923305405 5.141776937618118E-4 0.08723737510126911 0.0718487712665408 0.06779260059411281 2.7437213070483465E-4 0.029340534701593337 1.8903591682419693E-4 2.149608425600864E-4 5.087766675668365E-4 0.12338860383472867 0.002662705914123678 
0.10032730404823424 0.34120930232558155 0.06292575366063731 1.3367786391042143E-4 1.123169681309213E-4 9.233419465977569E-5 4.6580534022394734E-4 1.1369509043927513E-4 0.0057288544358311605 5.595176571920787E-4 2.3359173126614844E-4 0.004880620155038761 7.99310938845819E-5 0.24510043066322124 0.0037795004306632046 0.019514900947459075 0.05383841515934539 0.02648268733850131 0.02223186907838072 5.884582256675349E-4 8.682170542635602E-5 1.0542635658914648E-4 0.010143669250646001 0.10108733850129202 1.7777777777777695E-4 
0.0199150663544106 0.17892583918813426 0.033812334113973455 7.119437939110079E-4 0.005891647150663544 1.9234972677595604E-4 6.432474629195994E-5 6.619828259172589E-5 0.01302669789227164 9.180327868852511E-5 0.0012371584699453566 1.3302107728337256E-4 3.2786885245901797E-4 0.24109476971116311 8.836846213895387E-4 7.113192818110843E-4 0.06196658860265418 0.22887181889149116 2.9664324746292035E-4 0.036534582357533145 1.8610460577673534E-4 1.7923497267759581E-4 0.001887900078064011 0.16954629195940668 0.003444808743169409 
0.1046898564826077 0.24411578691316002 0.04362539528095351 0.0014234979323765478 7.599124300656692E-4 6.820724884456327E-4 0.052344441741668614 1.323279007540734E-4 0.05293018730235953 1.0411092191680743E-4 1.8876185842860686E-4 0.0023750912186815826 1.877888591583563E-4 0.3208066163950377 1.7124787156409606E-4 5.477985891510599E-4 0.0026669909997567493 3.5417173437120043E-4 0.0047025054731209374 0.010594016054488023 1.2940890294332186E-4 4.63147652639261E-4 0.04199854050109455 0.11292434930673804 0.0010819751885186 
0.0244334309529173 0.1561450777202074 0.06470826762784407 0.006315836900202755 0.016883982879026774 0.0021644514530299746 1.612975895471955E-4 9.822031989186773E-5 0.1243018697904935 3.7936472178418356E-4 0.0013570624014417705 2.8294660959675405E-4 1.0542915070961976E-4 0.3269682360892094 1.2615453931065572E-4 5.7400315386348E-4 0.06729804009912144 0.008999324172110829 0.0017039873845460783 2.153638206803309E-4 1.9373732822707676E-4 7.839603514304996E-5 1.8833070511376326E-4 0.13251723361117373 0.06379995494480717 
0.0775876253612103 0.28723848376678485 0.09702600713921468 2.0737718850926353E-4 0.014806731259561456 5.242223355430954E-4 3.936766955634934E-4 8.227095019547819E-5 2.2641509433962215E-4 6.935237123916319E-5 4.378718340982511E-4 0.013963624001359849 5.915349311575711E-5 0.23470746217916022 1.5638279789223104E-4 0.002575556688764271 0.05871426143124253 0.052841747407785154 0.019063063063063056 0.0017637259901410742 1.7610062893081706E-4 1.0470848206697183E-4 6.486486486486463E-4 0.1363358830528643 2.896481387047442E-4 
1.5927827033753437E-4 0.25921480790169565 0.11825042774926117 1.9100948825633986E-4 7.901695442526035E-5 9.146056929537993E-5 4.5916938870741917E-4 9.021620780836815E-5 0.011191787214185737 1.424793902628729E-4 0.013137968579872473 5.599626691553881E-4 1.4745683621092035E-4 0.22197853476434917 6.850209986000901E-4 0.0010446414683465475 0.1483384663244671 0.01813781303468656 2.31451236584231E-4 0.017750194431482316 1.567895473635102E-4 7.777259293824841E-5 6.719552029864642E-5 0.18772748483434432 8.959402706486211E-5 
0.14066029268292726 0.2760725853658531 0.13254634146341548 0.0016374634146341619 0.0197611707317072 4.979512195121891E-4 0.026191609756097436 5.393170731707292E-4 8.093658536585342E-4 8.499512195121866E-4 1.6936585365853838E-4 0.002160390243902461 5.346341463414588E-4 0.2475270243902431 7.726829268292589E-4 5.463414634146297E-4 0.005494634146341442 0.003193756097561006 0.01225599999999985 5.994146341463347E-4 1.9590243902439154E-4 3.020487804878034E-4 2.3960975609756203E-4 0.1258247804878058 6.173658536585307E-4 
0.05324845182065885 0.2017587317314838 0.012924448848154557 0.014271984146643548 0.02726182809016594 0.00980232846172901 0.0014505821154322486 4.8649987614565E-4 0.09481198910081746 0.0019856328957146385 1.902402774337384E-4 0.002457270250185779 0.0024562794154074823 0.3683240029725042 7.916769878622706E-4 9.482288828337846E-4 0.02213326727768145 6.222442407728478E-4 0.022419618528610373 2.3879118157047366E-4 0.0031785979687887055 1.9915779043844594E-4 0.0018825860787713641 0.1448709437701265 0.01128461729006686 
0.09397005415737505 0.09340936604014034 0.004456196240841023 1.8349792927684056E-4 0.02997005415737496 0.04003950302644154 0.0024287989805670527 1.7967505575023902E-4 0.021343102899012457 2.102580439630462E-4 0.014600828289264104 5.798024848677938E-4 2.7652118509079426E-4 0.47555017521503656 0.03272889455240522 2.217266645428481E-4 0.02475055750238931 0.0013482000637145546 0.013961134119146233 4.014017202930885E-4 2.8544122331952975E-4 5.874482319209942E-4 0.003965594138260598 0.14189487097801848 0.0026568971009875786 
0.002365882821841397 0.07105141490633736 0.04140932642487046 3.188521323236345E-4 0.005179752889597472 0.05547867676365085 1.5783180550019886E-4 2.3754483858110713E-4 0.030667198086887223 2.4232762056596203E-4 0.012652052610601847 0.0013328019131128013 4.782781984854511E-4 0.5358326026305298 1.8812275807094408E-4 8.672777999202857E-4 0.0012180151454762882 0.021908330011956956 0.01973535273017137 2.837783977680342E-4 0.009090474292546833 5.579912315663599E-4 4.1131925069748816E-4 0.10075408529294534 0.08758070944599426 
0.09200446357404754 0.2561071257771404 0.21046771879483495 5.426430734895592E-4 0.03583102183963015 9.571178064721847E-4 9.756097560975688E-5 6.338275147457358E-4 2.1999043519846663E-4 7.537063605930197E-4 1.4984855730910244E-4 0.006963175514108081 7.843137254901994E-5 0.21967926032201524 2.6016260162601483E-4 9.6285668739041E-5 6.229874063446525E-4 0.005790530846484931 0.007591264147935612 0.006195440777937235 5.413677666188449E-4 2.5952494819065806E-4 0.0023809979276263305 0.12916244221265763 0.022613103778096597 
0.01948170469220835 0.09669048643994839 0.10360740421868267 1.4464055101162185E-4 0.0033801119242359025 0.0026861816616444273 1.6185966422729126E-4 5.303486870426231E-4 4.35643564356437E-4 1.480843736547555E-4 6.38829100301341E-4 0.002298751614291854 0.0026930693069306994 0.5621403357727118 0.0014791218252259957 3.8915195867413147E-4 6.61213947481711E-4 3.960396039603988E-4 9.487731381833875E-4 0.0028428755919070316 4.4253120964270784E-4 1.6874730951355881E-4 0.0646457167455876 0.06752475247524739 0.06546362462333184 
0.16584788732394423 0.1892552112676067 0.024588169014084497 1.3295774647887454E-4 0.0018989671361502331 1.547417840375604E-4 7.474178403755907E-4 1.0591549295774818E-4 2.899530516431908E-4 1.487323943661993E-4 3.019718309859149E-4 0.155486197183098 8.863849765258257E-5 0.24738103286384902 2.6291079812206723E-4 2.8093896713615165E-4 2.1183098591549444E-4 0.004057840375586853 0.02730065727699526 4.6647887323943285E-4 7.737089201877944E-5 2.7868544600938923E-4 2.8845070422535147E-4 0.17597295774647964 0.004374084507042256 
0.029226886145404647 0.15884115226337445 0.05332455418381345 0.004213991769547324 0.10001316872427979 0.0015286694101508914 1.8875171467764242E-4 5.750342935528065E-4 0.03597037037037041 3.4897119341563697E-4 2.4581618655692946E-4 1.591220850480127E-4 0.0023308641975308656 0.37204718792866953 4.268861454046639E-4 0.00105020576131687 0.027689437585733875 0.0021508916323731103 0.023973662551440313 0.005897393689986303 5.849108367626838E-4 0.002233196159122089 2.886145404663924E-4 0.11091687242798358 0.0657733882030178 
0.012648291797326303 0.15971084337349384 1.6702426142928007E-4 0.001968641690047866 2.2974088133355462E-4 1.3599603895032324E-4 0.002904769763987445 0.013118336359135181 0.004349892721571191 1.4391813830665252E-4 0.012270671728007918 0.00193761346756891 1.49199537877539E-4 0.21096748638389173 0.024277273477471533 0.12759795345766617 3.314078230731155E-4 0.08768509655058597 2.6340980359795444E-4 0.017657699290311916 9.783792705066847E-4 1.610826869120335E-4 0.00402442647301535 0.22066875722066323 0.09565208780326791 
0.009866077348066339 0.10278453038674026 2.1657458563536104E-4 0.001123535911602198 5.056353591160244E-4 1.1049723756906042E-4 0.003321988950276242 1.4850828729281865E-4 0.020761988950276228 4.596685082872945E-4 5.038674033149176E-4 0.03047160220994473 1.2817679558011026E-4 0.237146519337017 0.0021763535911602174 0.010981657458563549 0.012064530386740316 0.029582320441988972 5.454143646408856E-4 0.0025865193370166175 6.674033149171273E-4 2.9524861878453394E-4 1.2729281767955757E-4 0.23888353591160227 0.2945405524861878 
3.286630254096428E-4 0.1738237948230825 1.4818332937544595E-4 1.4723343623842354E-4 1.0543813820945095E-4 7.209688909997659E-4 0.018289242460223207 0.004813108525290902 0.009957729755402498 1.5483258133459977E-4 2.3652339111850112E-4 0.017136072191878404 1.4913322251246827E-4 0.29337734504868207 0.06140489194965572 0.10305675611493707 4.236523391118523E-4 0.04401614818332934 1.624317264307776E-4 3.7900736167181717E-4 0.0016404654476371405 1.1683685585371586E-4 1.348848254571358E-4 0.19498836380907159 0.07428829256708626 
0.005093405246383933 0.1404795292963961 1.51998038734983E-4 6.736945329737663E-4 2.3437116940426387E-4 5.697474871291963E-4 0.028925717087521452 0.0013385633733758269 0.01131061534689873 0.004864917872027466 0.005157146359401825 2.294680068644261E-4 2.775189997548406E-4 0.31174013238538867 0.022617308163765632 0.1533307183133122 0.0020720764893356306 0.031203726403530245 0.0017200294189752363 0.0019661681784751126 0.001678842853640596 2.1573915175287893E-4 0.004257906349595505 0.18408825692571698 0.08580240254964437 
0.017473070192494652 0.18063464903752666 0.0016838421154967919 0.004789422516041218 1.6877308963639758E-4 8.018666148162628E-4 0.0018121718841143382 0.009770173050748595 3.173245187633653E-4 6.914252381878316E-4 9.130857476181227E-4 0.005877503402683259 1.843282131051902E-4 0.22055920668870327 0.03660664981528295 0.13899902780478338 6.618705035971313E-4 0.06088041998833365 3.3832393544623487E-4 0.006765700952751306 2.1310519152245588E-4 1.5166245382072598E-4 8.998638926696548E-4 0.20516974528485307 0.10363678786700391 
0.1278191570881225 0.17415989782886346 0.1029292464878673 2.9425287356321813E-4 0.011145849297573434 5.537675606641114E-4 5.33333333333332E-4 1.461047254150699E-4 0.026130268199233756 1.2669220945082983E-4 2.8199233716475055E-4 5.159642401021706E-4 1.3588761174968044E-4 0.3657195402298851 4.0051085568326857E-4 9.706257982120026E-5 0.03602554278416343 1.8390804597701109E-4 0.015700638569604023 0.005246487867177529 1.1136653895274554E-4 4.883780332056185E-4 2.0638569604086796E-4 0.12051596424010216 0.010531800766283522 
0.017466286799620142 0.18334409623298503 0.17638999683444145 1.101614434947769E-4 0.0111351693573916 1.3042101930990798E-4 2.1272554605887754E-4 1.0509654954099394E-4 2.2285533396644106E-4 1.0129787907565692E-4 0.0017777777777777776 4.9002849002849E-4 2.8869895536562086E-4 0.4237404241848684 2.2158911047799715E-4 1.0256410256410264E-4 0.08689078822412162 1.443494776828105E-4 1.9499841722063715E-4 0.005094017094017051 6.660335549224421E-4 8.357075023741695E-5 0.0011788540677429482 0.08954859132636918 3.59607470718583E-4 
0.17588912687413402 0.2339911805468062 0.06285044727226918 1.0684137583469768E-4 0.04637923648733777 1.5723825122842446E-4 3.8805594053168214E-5 0.001406576792238883 0.04013405568854725 1.270001259921878E-4 0.00792037293687792 0.006860022678593924 1.2044853219100354E-4 0.1864094746125738 0.001317878291545926 2.716391583721814E-4 0.01981252362353537 3.9460753433287173E-4 0.008128008063500036 0.0081703414388308 0.0016646087942547574 1.3808743857880872E-4 3.3211540884465227E-4 0.1759858888748897 0.02139347360463651 
0.18014847809948048 0.203798069784707 0.07560801781737195 9.79955456570159E-5 2.910170749814402E-4 3.662459787181367E-4 9.15614946795356E-4 5.681761940113827E-4 3.7614451868349255E-4 8.423657510517278E-4 5.939123979213056E-4 0.013120514724078181 1.3363028953229544E-4 0.3067814897302648 0.0010136104924523628 1.4748824548379273E-4 6.374659737688673E-4 0.0020094036129670906 0.0033061123484285694 0.03473001732244493 1.8015342736946494E-4 4.2464736451373474E-4 0.01215738678544915 0.16155308092056414 1.9896065330363936E-4 
0.17916101218369235 0.2577237113402061 0.04201237113402065 2.2268041237113488E-4 0.02844835988753516 5.368322399250219E-4 8.472352389878148E-5 1.7169634489222233E-4 0.013845173383317715 1.1321462043111499E-4 7.152764761012167E-4 0.0035613870665417067 2.3092783505155066E-4 0.22447910028116233 1.746954076851015E-4 8.434864104967165E-4 2.496719775070319E-4 2.699156513589522E-4 0.042085848172446094 0.0016772258669166063 0.0023362699156513605 0.001201124648547328 1.1921274601686952E-4 0.1461825679475163 0.05355351452671035 
