0.04291771054153016 0.008121025245712083 8.0940450953941E-5 0.016982077471574483 0.042343418770476024 0.006814415108884173 0.26021584120254393 0.18328386972441707 1.541722875313164E-4 0.017224898824436317 0.05797263441896319 0.036723838889959545 7.323183657737514E-5 2.466756600501057E-4 2.4282135286182315E-4 0.0012487955290036636 6.552322220080931E-5 2.6594719599151983E-4 0.2497167084216612 5.704374638658702E-4 1.6573520909616497E-4 1.4646367315475093E-4 0.07276161110040466 0.0014260936596646756 2.351127384852572E-4 
0.036443800455392264 0.01634444214448353 0.0018795280480231843 0.010353963982612301 0.04557648519975159 0.001954046781204721 0.3061395156282348 0.12854067480852852 3.1049472158973325E-4 0.03279652245911818 0.06915752432208665 0.08854481473814933 1.4489753674187548E-4 3.3533429931691187E-4 7.079279652245909E-4 0.014974125439867545 9.935831090871436E-5 9.107845166632184E-5 0.2271206789484577 0.005377768577934171 0.002968329538397847 2.318360587870011E-4 0.009468019043676262 2.111364106810185E-4 2.2769612916580478E-4 
0.0903039179787624 0.014736970584645428 1.8308311973636027E-4 0.007560112290980105 0.1893543268643964 0.07179299401928485 0.16501891858903925 0.15330648114243872 1.8552422799951178E-4 7.030391797876235E-4 2.734041254729648E-4 0.08244843158794099 2.2458196020993526E-4 1.3670206273648245E-4 4.8822165263029405E-5 8.324179177346512E-4 5.126327352618087E-5 2.3678750152569274E-4 0.19650921518369344 0.0018796533626266314 0.0033369949957280597 1.928475527889662E-4 0.0013499328695227633 7.958012937873791E-4 0.018537776150372273 
0.10545166402535658 0.016259904912836777 2.1130480718436345E-4 0.010804719140693782 0.1326923754182073 0.04368022539179431 0.2563303398485649 0.13722486353231192 8.064800140869852E-4 6.620883958443373E-4 2.1130480718436345E-4 0.0705370663849269 3.41609438281386E-4 3.556964254270112E-4 0.005145272054939251 5.67001232611374E-4 1.23261137524212E-4 0.0022187004754358145 0.20745905969360817 0.0032188765627751354 5.634794858249692E-5 3.3808769149498084E-4 0.0018630040500088034 0.00288431061806656 5.564359922521554E-4 
1.8356278681685507E-4 5.228758169934651E-4 6.3968849951328E-5 0.046594354053678184 1.446252259769155E-4 0.09833959115561117 0.19485189820609097 0.18465303852037251 1.5853149770546525E-4 9.7900152968989E-4 7.787512167987757E-5 0.2867111667361981 0.002939785843415381 1.0290641079126679E-4 1.7243776943401488E-4 9.205951884299835E-4 1.7521902377972526E-4 0.0085829509108608 0.14255875399805298 3.17062995410931E-4 1.446252259769155E-4 9.178139340842717E-5 0.013091364205256575 0.017349464608538447 2.725629258795717E-4 
2.5811349402163596E-4 7.971152021256398E-5 0.0010020876826722337 3.7578288100208803E-4 3.036629341431012E-4 0.00214461947238565 0.26405390017081026 0.17694439172518492 2.5431770734484724E-4 1.4423989371797346E-4 1.4044410704118444E-4 0.25477320174606194 2.7329664072879106E-4 1.3664832036439583E-4 2.960713607895238E-4 0.0052267982539381305 2.0497248054659345E-4 0.0028999810210666153 0.2075650028468401 1.6321882710191693E-4 0.004163977984437274 1.2526096033402978E-4 0.004160182197760485 0.05131144429683054 0.022998671474663123 
0.1989411198459811 0.010864752125782133 1.957323921065297E-4 0.023102839724049414 0.011060484517888653 0.007598267287020697 0.20130274346221722 0.1927001443927484 0.0080988288143751 2.5028076367720244E-4 0.05243061126263437 0.05456120648163004 0.005689074282047168 0.0040686667736242604 8.984437670463668E-5 0.0010685063372372844 2.4386330819829968E-4 0.0019605326488047457 0.2240333707684904 3.9467351195251056E-4 4.81309160917696E-5 6.706240975453231E-4 3.048291352478745E-4 1.6043638697256564E-4 1.604363869725656E-4 
0.18498378879110702 0.0041253666821059135 0.0027759765323452207 0.022553651381812576 5.465493283927743E-4 0.13244094488188968 0.21057279604755283 0.16563841284545316 0.002661726107765942 0.002399258916164898 0.009936699089084454 0.06430754979157016 4.693530955689362E-4 5.95954917400031E-4 4.508259996912151E-4 6.885903967886367E-4 5.55812876331635E-5 9.572332870155938E-5 0.18077505017755144 0.005128917708815805 1.204261232051876E-4 1.2968967114404816E-4 0.0014976069167824612 0.006524625598270807 5.249343832021001E-4 
2.3856858846918572E-4 0.004674808293098555 0.006123260437375743 2.215279750071004E-4 6.816245384833844E-5 0.00978131212723658 0.3593183754615166 0.0881283726214143 3.9761431411530795E-4 4.884975859130925E-4 0.014848054529963088 0.2341891508094292 0.016182902584493057 7.384265833569996E-5 0.021056518034649255 1.3632490769667694E-4 1.4768531667139995E-4 0.001385969894916217 0.21855722806021005 1.2496449872195382E-4 0.0035103663731894347 1.4768531667139992E-4 4.5441635898892314E-4 0.018631070718545886 0.0011133200795228624 
0.053723389644279626 2.6370004120313136E-4 4.669688229638777E-5 0.02557341024584532 2.7194066749072917E-4 0.005317950830929822 0.1920697706359017 0.16084329075676426 5.219063315478642E-5 0.09912374673808541 0.0794753467930229 0.08933113583298999 8.790001373437705E-5 2.0876253261914568E-4 8.240626287597844E-5 0.003559950556242275 7.526438676006036E-4 0.001876115918143111 0.2854690289795361 8.790001373437706E-5 5.4937508583985635E-5 7.691251201757989E-5 0.0013185002060156564 2.2249690976514208E-4 1.0987501716797127E-4 
9.117725931885237E-5 0.0013730222579780107 0.0024027889514615184 0.016733708769107025 1.5017430946634517E-4 1.2335746849021216E-4 0.5044033252882805 0.15618128184499866 1.1263073209975882E-4 1.1799410029498547E-4 1.7162778224725153E-4 0.02736926790024136 0.005926521855725395 0.0012979351032448383 6.972378653794565E-4 9.6540627514079E-5 1.2872083668543863E-4 1.984446232233846E-4 0.10983105390185034 0.0019361759184768038 6.811477607937774E-4 1.0726736390453228E-4 0.016036470903727548 2.46714936980424E-4 0.153585411638509 
0.1252992817238624 0.042505985634477245 0.001133280127693535 0.293312051077414 3.192338387869109E-4 0.04700718276137269 0.19982442138866705 0.0243735035913807 0.01415802075019953 8.938547486033496E-4 6.065442936951334E-4 0.11123703112529917 2.3942537909018332E-4 2.8731045490821975E-4 0.005187549880287311 0.0018515562649640866 1.9154030327214665E-4 0.028747007182761387 0.0713168395849961 3.5115722266560275E-4 7.023144453312054E-4 0.008252194732641667 0.001133280127693534 3.51157222665603E-4 0.02071827613727057 
2.99833425874514E-4 0.031967425504349375 7.329261521377021E-4 0.033059411438089874 0.0029576161391819335 0.016768461965574716 0.2634943549879697 0.12699981491763807 7.77345918933927E-5 0.0017249676105867097 0.04514158800666285 0.08419396631501007 4.441976679622438E-5 4.4419766796224386E-5 9.994447529150445E-5 3.627614288358337E-4 3.3314825097168356E-4 7.773459189339267E-4 0.23057190449750134 3.738663705348888E-4 0.004671478808069583 1.88784008883953E-4 0.1368276883213027 0.00943920044419767 0.008846936886914682 
3.0437836572231285E-4 1.7794427534535226E-4 0.002730039803324749 0.02990400374619527 1.638960430812455E-4 0.013570592367127134 0.33832357761648324 0.17734020135799577 1.6857878716928119E-4 0.006420042144696792 6.462186841489129E-4 0.057499414656988976 2.388199484898149E-4 1.030203699367829E-4 0.0012175134628892533 1.545305549051743E-4 1.2175134628892533E-4 5.712947787403421E-4 0.2285225942402247 8.428939358464057E-5 0.0016061812221962078 0.0013767267618824642 0.1364551627253569 1.7794427534535234E-4 0.0021212830718801215 
3.29844592451633E-4 1.2052013954963555E-4 9.514747859181733E-5 3.04471931493815E-4 2.1566761814145218E-4 0.0011163970821439894 0.4346780843640979 0.11304789089755785 1.395496352679991E-4 0.16213130352045663 2.2835394862036145E-4 0.08845543926419286 8.309546463685375E-4 9.514747859181727E-5 1.2052013954963544E-4 2.4738344433872456E-4 2.7909927053599724E-4 2.600697748176339E-4 0.18806850618458612 6.787186806216297E-4 0.0023089121471614347 0.0027973358705994282 0.0029622581668252448 3.869330796067238E-4 1.0149064383127193E-4 
0.22447622008082072 8.517252098228164E-4 4.91140814423376E-4 0.07184954926950576 3.481504507304948E-4 8.082064034815054E-5 0.4089773080509791 0.11148274790177183 0.022356232514765303 4.414050357475913E-4 7.646875971401931E-4 8.517252098228164E-4 0.0031644389182468135 0.004898974199564807 0.0023064967360895204 7.646875971401928E-4 6.963009014609887E-4 1.616412806963006E-4 0.10814423375815975 0.015728940006216982 0.0014423375815977618 0.0075101025800435196 2.611128380478711E-4 7.025178737954621E-4 0.011246502953061857 
0.09116551795082808 0.08564756712272403 0.0013290813702294003 0.04560024688818025 0.07686863491410348 0.0638617426190721 0.14718238864314379 0.24881185063265085 2.304289682131471E-4 1.357884991256048E-4 2.942084147721426E-4 0.03800637794465592 0.0013517127867503356 7.818125707231762E-5 9.464046908754287E-5 0.007807838699722249 3.3535644481020433E-4 0.004162123238349964 0.17569591605801865 1.7899393066556974E-4 3.703322703425573E-5 4.155951033844251E-4 9.464046908754245E-5 0.005090011315708263 0.005524123032609815 
0.19867143587123157 0.0010362800204394484 0.005040367910066429 0.05545631067961166 0.017281553398058255 0.08064179867143598 0.14893612672457868 0.21667041389882466 1.0015329586101161E-4 3.576903423607566E-4 0.007726111394992331 0.026017373530914663 0.010467041389882472 1.0219724067450163E-4 4.292284108329077E-5 0.004876852324987225 9.606540623403167E-5 7.766990291262144E-5 0.20702912621359215 0.0018702095043433824 4.292284108329081E-5 1.8191108840061302E-4 0.0036954522227899854 0.006552887072049049 0.007029126213592231 
0.05330569287195025 0.07341093924413969 4.943390208898104E-4 0.0012533886142560976 0.12243023441237445 0.13603571998086436 0.15488757773879758 0.13812789028863018 7.33535321320362E-5 2.487641524477758E-4 1.3713921224685073E-4 0.01995535002391963 7.335353213203624E-5 5.581247010046239E-4 4.783926008611068E-5 0.1811353851060437 2.519534364535164E-4 3.8271408068888616E-5 0.11550310955190564 0.0012533886142560987 2.3281773241907167E-4 1.2438207622388785E-4 1.2438207622388785E-4 2.3281773241907197E-4 6.37856801148142E-5 
0.07962303664921472 0.016439790575916227 9.75916230366492E-4 0.055635602094240795 0.1168041884816754 0.014605235602094237 0.2722261780104712 0.14802931937172784 0.03318952879581152 1.1308900523560211E-4 2.7643979057591654E-4 0.02861570680628273 0.0015497382198952877 0.009729842931937169 3.6858638743455537E-4 0.00404607329842932 6.617801047120421E-4 0.009671204188481677 0.2029989528795811 0.0016251308900523539 1.298429319371728E-4 3.937172774869113E-4 2.4293193717277503E-4 0.001956020942408379 9.214659685863892E-5 
0.19407044252354538 0.0051683653722100365 3.147980905689587E-4 0.06186040510901819 0.024652302928654377 0.041715907624822586 0.17627402915752804 0.17636175977293259 1.8062185524448426E-4 0.0022268094439427187 6.450780544445874E-5 0.06726615920526387 0.0023222809960005164 0.0010140627015868932 4.1543026706231524E-4 0.009178170558637594 9.03109276222421E-5 1.315959231066958E-4 0.21789704554251055 1.6772029415559265E-4 6.450780544445873E-5 0.0033157011998451802 8.437620952135225E-4 7.482905431557202E-5 0.014328473745323185 
1.3367407116178468E-4 0.05404364065264398 0.001163750737173186 1.8085315510123798E-4 0.09595046196186362 0.06836249262826814 0.25509337527029674 0.19649302142716743 0.03727540790249657 5.897385492431683E-4 2.909376842932963E-4 0.00719481030076666 8.020444269707092E-4 0.09667780617259684 0.027623353646550025 0.0076390800078631835 2.59484961666994E-4 0.002032632199724789 0.1267662669549833 0.004336544132101435 1.6905838411637457E-4 3.970906231570666E-4 9.042657755061914E-5 2.2803223904069165E-4 0.016206015333202286 
0.16341906589891245 0.007994881637875874 1.2284069097888702E-4 0.037998720409468986 0.1040946896992962 0.02414587332053743 0.16880102367242494 0.24415866922584772 2.2776711452335234E-4 1.0492642354446596E-4 7.677543186180431E-4 0.04871657069737683 0.005499680102367247 0.001704414587332053 1.0236724248240565E-4 1.6122840690978887E-4 5.118362124120279E-5 2.6871401151631484E-4 0.18243634037108122 8.598848368522087E-4 2.2520793346129258E-4 0.004754958413307741 6.65387076135636E-5 0.002986564299424185 3.3013435700575785E-4 
0.0015362126245847176 0.03651827242524918 1.993355481727571E-4 0.008805315614617941 0.07340598006644519 0.06228039867109631 0.17464717607973415 0.1719122923588041 2.5514950166112907E-4 0.0039308970099667774 0.010862458471760796 0.010423920265780737 0.10397076411960128 0.0010631229235880401 2.9501661129568047E-4 0.07308970099667776 4.518272425249178E-5 0.003556146179401993 0.1802019933554817 0.029791362126245842 2.179401993355478E-4 0.05203986710963452 3.986710963455154E-5 2.5780730897009894E-4 6.53820598006644E-4 
0.0014564194488012564 0.05805511987452386 5.8256777952050245E-5 0.002393009186645753 0.0748196280528792 0.05003360967958774 0.296800358503249 0.17249831951602057 0.022334752408693696 0.0010710284561953848 0.008926730898498774 1.7028904324445382E-4 3.809097019941744E-4 0.09444319964149672 0.021026215550078428 7.618194039883505E-4 3.0024647098364276E-4 0.03711404884606764 0.11549630293524532 1.6580775263275803E-4 0.0010575845843602972 1.434012995742773E-4 1.6132646202106176E-4 2.0613936813802342E-4 0.04012547613712744 
0.05384577542737668 0.01124584921903824 5.411388513098034E-5 0.02209814290985119 0.1638174886237856 0.11159021030623534 0.16422088304021656 0.19854138482351488 6.64124953880211E-5 4.919444102816379E-4 7.698930020907627E-4 0.018347066781453678 0.0010625999262083385 1.6972082154716495E-4 1.574222112901242E-4 0.001620956831878002 0.008331078588119547 7.379166154224562E-4 0.1614536957323823 0.08023367359488383 1.5004304513589972E-4 2.45972205140818E-4 4.9194441028163815E-5 3.5174025335137104E-4 3.468208092485543E-4 
0.05813074433656959 0.008155339805825253 0.004134627831715211 0.010495792880258903 0.11764401294498385 0.06101488673139158 0.16291262135922324 0.22039093851132685 0.005330744336569579 9.061488673139172E-5 0.0064025889967637565 0.1080440129449838 0.002431067961165049 0.0013074433656957924 0.0014058252427184468 0.0011003236245954687 4.142394822006472E-5 6.99029126213593E-5 0.22626537216828474 6.343042071197412E-4 1.9158576051779943E-4 3.572815533980583E-4 0.0024569579288025866 8.38834951456311E-4 1.5275080906148865E-4 
0.0010528080469404868 0.013555741827326065 2.3134953897736897E-4 8.046940486169336E-4 0.0033361274098910316 0.0452606873428332 0.2177837384744341 0.12167309304274943 8.046940486169314E-5 0.025740150880134104 0.023533948030176013 0.08382900251466895 1.609388097233864E-4 8.717518860016744E-5 0.020221290863369667 3.0511316010058717E-4 1.8776194467728398E-4 1.4417435037720027E-4 0.18439228834870083 3.3193629505448384E-4 1.2740989103101415E-4 1.139983235540653E-4 0.2421525565800502 0.014632020117351222 2.615255658005033E-4 
1.5539835324133148E-4 0.0014565696393366585 0.012480575205844835 0.040173953380494024 1.6467586686767945E-4 0.027684100661022844 0.172271831149252 0.256820132204569 2.5513162472457325E-4 5.172213846689089E-4 0.0015934129653252932 0.21528006494259533 0.007398817117012643 6.262321697785003E-5 0.005413429200974139 1.1133016351617798E-4 0.0010738722022497977 7.352429548880901E-4 0.19501101704743132 1.4844021802157045E-4 8.048243070857021E-4 0.001166647338513279 0.0036275078279021217 0.053860605357764095 0.0017325756697205163 
6.854093987276822E-4 2.0931664272522067E-4 8.865175456597574E-4 1.764826595526371E-4 4.1452903755386737E-4 0.003279294069361791 0.28591422121896154 0.21396675559203765 2.052123948286478E-4 0.013334701415965523 2.011081469320748E-4 0.09140980915247279 3.3654832751898144E-4 9.439770162117805E-5 5.786989534167843E-4 0.001260004104247897 0.0024543402421506235 0.007958136671454957 0.25913400369382317 2.6267186538066916E-4 0.0026267186538066877 1.436486763800535E-4 0.11034270469936383 0.004030371434434642 9.439770162117812E-5 
6.22456308355279E-4 6.224563083552791E-4 8.618625807996181E-5 0.0012592769930572184 2.3461814699545088E-4 0.002212113957385685 0.30602824994014843 0.16943260713430697 0.013579123773042854 0.00193440268135025 0.0015609288963370834 0.1338807756763227 0.008508498922671774 1.4364376346660262E-4 6.080919320086188E-4 0.0025664352406033035 1.8194876705769658E-4 0.00578405554225521 0.18588939430213078 6.033038065597316E-4 2.872875269332054E-4 0.0020158008139813267 0.0064304524778549185 0.14240842710079016 0.01311946372994972 
0.002754075615678113 1.3180714533472064E-4 2.8442594519597627E-4 6.104751994450219E-4 2.3586541796739494E-4 0.004675685050294834 0.4249531737773155 0.10398196323274368 0.0017273673257023972 0.004890738813735693 1.0405827263267418E-4 0.11157127991675336 2.289281997918833E-4 1.4568158168574386E-4 1.1793270898369739E-4 1.3874436351023222E-4 1.3180714533472064E-4 5.411030176899063E-4 0.1830454387790497 2.0811654526534841E-4 2.150537634408601E-4 3.399236906000693E-4 0.004176205341657993 0.1427887617065557 0.01200138744363511 
0.0011200261994432623 3.83166857704274E-4 9.169805141640716E-5 0.011246111020140823 6.54986081545766E-5 0.006202718192238413 0.20375962010807278 0.21654167348943842 1.473718683477973E-4 7.565089241853613E-4 0.03860815457671525 0.23581136400851485 0.01023415752415261 2.783690846569519E-4 1.4409693794006857E-4 2.554445718028498E-4 1.0807270345505128E-4 1.2117242508596684E-4 0.23630587850008186 5.305387260520722E-4 1.1462256427050895E-4 1.8994596364827252E-4 1.4409693794006852E-4 0.021922384149336817 0.014917308007204843 
3.5921525283227456E-4 0.0015915998894722291 0.16583586626139815 0.015987841945288753 1.6579165515335728E-4 0.028770378557612594 0.406377452334899 0.09831445150594087 1.2158054711246197E-4 0.05036750483558996 2.9289859077093124E-4 0.019585520862116627 5.857971815418635E-4 9.394860458690245E-5 0.00807957999447361 1.160541586073501E-4 7.736943907156669E-5 7.736943907156669E-5 0.15515888366952188 0.006935617573915444 3.7026802984249906E-4 3.536888643271624E-4 0.012953854655982313 0.02725614810721192 1.713180436584692E-4 
1.298099211868334E-4 1.5762633286972634E-4 0.0012301035388657096 0.03768814711791069 4.945139854736509E-5 0.0704744243548138 0.23478905887807136 0.17048678720445065 2.6580126719208847E-4 0.014483078349559569 0.0020275073404419732 0.10860145263483238 1.514449080513057E-4 4.636068613815478E-5 1.6071704527893693E-4 7.664966774841601E-4 6.98501004481533E-4 0.0020182352032143427 0.16885798176479688 0.0010292072322670397 6.490496059341665E-5 0.0010446607943130901 1.8544274455261945E-4 0.10104157008190384 0.08355122855818271 
0.002369313113291706 0.0019518287243532597 0.003850133809099019 4.888492417484395E-4 1.391614629794824E-4 0.0660909901873328 0.2368385370205174 0.21015878679750227 2.3907225691347078E-4 4.638715432649423E-5 1.4629794826048135E-4 0.20783942908117756 0.009006244424620873 1.462979482604818E-4 0.0017448706512042814 0.0014201605709188237 3.5682426404995546E-4 1.1775200713648519E-4 0.19094736842105267 0.005009812667261371 0.0013844781445138282 9.063336306868835E-4 0.0012203389830508487 0.05739518287243529 1.8554861730597717E-4 
0.11787340439531516 0.0024424266350835627 6.053428082642459E-5 0.05223055665219107 0.00813791288327411 0.013278062903013558 0.18765100671140938 0.1694301881826557 0.00670614554546651 7.369390709303862E-5 0.01193578102381893 0.2342755625740229 0.0013185945519147253 4.737465455981057E-5 8.685353335965251E-5 1.3949203842610807E-4 7.895775759968424E-5 1.1054086063955793E-4 0.15498881431767342 1.2633241215949433E-4 3.632056849585466E-4 2.9740755362547675E-4 2.2108172127911503E-4 9.211738386629818E-5 0.03803395183576784 
0.09224826502553359 0.029459211732355627 1.178473222469554E-4 0.04106062590022261 0.012908210030116541 0.040913971454759716 0.1695273012963206 0.17582296713369125 8.380254026450179E-5 7.856488149797046E-5 0.05638601545109334 0.01618698441796517 0.02827288202173628 0.011659028414298809 5.761424643184505E-5 6.835144690323426E-4 0.0019955479900484524 8.90401990310331E-5 0.19449522063637567 4.975775828204799E-5 0.12484483435904149 6.285190519837639E-5 1.2308498101348692E-4 0.0024747937671860698 3.98062066256383E-4 
0.23035499273406693 0.0036246626531035954 6.850736973219846E-4 0.03351048370354993 0.0030599958480381985 0.012767282541000624 0.2786132447581483 0.14574631513390077 0.0021548681752127903 0.0010006227942702926 0.021511314095910325 0.02379904504878556 2.0759809009757117E-4 0.013904920074735316 7.016815445297905E-4 2.94789287938551E-4 6.643138883122282E-5 8.719119784097994E-5 0.1983599750882292 5.10691301640025E-4 0.005646668050653935 7.473531243512569E-5 1.3701473946439702E-4 1.1625493045463988E-4 0.023064147809840153 
0.21256498873027804 0.004910593538692713 2.43425995492111E-4 0.030722764838467313 4.0570999248685054E-4 0.07686851990984227 0.22952066115702485 0.15519459053343349 7.092411720510884E-4 0.0010097670924117206 0.014425244177310288 0.008877535687453045 0.0011720510894064596 5.709992486852007E-5 9.616829451540203E-5 2.6446280991735484E-4 6.010518407212631E-5 8.114199849737045E-5 0.16178812922614585 0.05038317054845981 9.616829451540221E-5 0.037154019534184825 1.382419233658904E-4 1.23215627347859E-4 0.013132982719759566 
0.15782690146122158 2.322967403521919E-4 1.4986886474334978E-4 0.08337204945672537 6.594230048707386E-4 5.020606968902201E-4 0.4773772948669914 0.07745972274260018 0.03420007493443235 7.418508804795817E-4 3.222180591982015E-4 0.011000374672161863 4.346197077557131E-4 0.00907455976020982 0.0021730985387785674 1.723491944548521E-4 4.1213937804420955E-4 1.4986886474334968E-4 0.11047583364556023 2.3979018358935965E-4 0.0016485575121768425 6.369426751592352E-4 0.002120644436118395 1.9482952416635468E-4 0.028422630198576236 
0.21187744190828714 9.047912811022016E-5 7.649599012954963E-4 0.07911165946946332 1.3160600452395615E-4 0.09677565288916307 0.2742710261155664 0.10551922681472342 0.004947563232572486 3.536911371581323E-4 0.010890396874357394 0.016997738021797236 2.6321200904791224E-4 0.01955582973473166 2.7143738433065977E-4 2.7555007197203337E-4 1.2749331688258276E-4 1.3571869216532937E-4 0.1531811638906025 0.018062924120913027 0.003310713551305779 6.621427102611554E-4 9.047912811021989E-5 8.636644046884645E-5 0.0022455274521900083 
0.06626628895184139 0.003354107648725215 4.9102927289896146E-5 6.949952785646829E-4 8.30972615675167E-5 9.367327667610948E-4 0.2599508970727102 0.18043437204910295 9.442870632672362E-5 0.02355051935788479 0.1721737488196412 0.017643059490084986 0.00374315391879131 0.00551085930122757 3.13503305004721E-4 3.626062322946176E-4 1.2086874409820616E-4 6.421152030217194E-5 0.16255335221907455 0.01440604343720491 0.0017374881964117076 0.020868744098205858 2.1529745042492876E-4 0.004804532577903681 0.060067988668555235 
1.5561174868702603E-4 0.005248006224469945 0.0019840497957595788 1.0503793036374288E-4 1.7117292355572862E-4 0.1445983271737016 0.22947675549503985 0.1326473448745379 1.750632172729046E-4 0.0010153666601828433 0.008286325617584123 0.22034623614082866 0.008181287687220384 0.006932503404007006 0.004473837774751997 8.947675549503996E-5 5.6409258899047E-4 4.2015172145497075E-4 0.19543668546975299 9.803540167282626E-4 1.1670881151526975E-4 0.001143746352849635 0.006835246061077616 0.02989301692277766 7.235946313946711E-4 
4.498594189315838E-4 1.8744142455482654E-4 6.747891283973747E-5 8.247422680412353E-5 1.3120899718837848E-4 5.810684161199621E-4 0.22783505154639172 0.14804873477038424 4.273664479850045E-4 7.122774133083401E-5 1.3870665417057158E-4 0.3212408622305527 1.649484536082473E-4 1.34957825679475E-4 7.497656982193044E-5 1.9493908153701958E-4 5.6232427366447935E-5 2.1743205248359883E-4 0.2488434864104967 1.3495782567947507E-4 4.8734770384254936E-5 1.9119025304592302E-4 0.005825679475164013 0.04356138706654171 0.0012895970009372064 
3.178434922550797E-4 1.8507342587004605E-4 3.258901629450816E-4 2.1323677328505315E-4 1.6093341380004004E-4 0.012299336149668072 0.24978877489438747 0.12410782538724596 3.1784349225507947E-4 3.057734862200762E-4 3.4198350432508546E-4 0.3842204787769062 6.437336552001604E-5 1.488634077650371E-4 1.8105009052504531E-4 0.007185676926171795 1.4484007242003587E-4 2.6554013277006603E-4 0.19032790183061762 3.0175015087507517E-4 0.002768054717360691 1.2472339569503108E-4 2.092134379400518E-4 0.02548782941058136 2.0519010259505106E-4 
2.3391812865497047E-4 0.0015366001209921347 3.10546481145392E-4 0.014180278281911674 4.7590239967735626E-4 1.9358741681790647E-4 0.30583988707400656 0.1590360959870942 9.800362976406538E-4 3.226456946965115E-4 2.177858439201451E-4 0.21150231901593053 0.0010324662230288366 2.419842710223832E-4 4.1943940310546613E-4 1.7342206089937463E-4 0.0010647307924984886 0.004650131074813475 0.19783827384553337 2.0568663036902576E-4 4.678362573099422E-4 6.856221012300873E-5 0.007868521879411174 0.06921960072595283 0.02191974188344424 
1.2311611122903823E-4 6.368074718743356E-5 2.0377839099978756E-4 2.7594990447887916E-4 2.5047760560390576E-4 0.034527701125026476 0.2585693058798555 0.13458289110592225 1.1462534493738049E-4 2.037783909997876E-4 1.231161112290384E-4 0.3728550201655698 1.2311611122903834E-4 1.4858841010401182E-4 7.641689662492031E-5 1.8255147527064308E-4 1.5283379324984068E-4 4.3727446402037754E-4 0.1625896837189554 2.1651454043727426E-4 5.60390575249416E-4 1.910422415623008E-4 8.490766291657811E-5 0.03299511780938224 3.481214179579707E-4 
1.4164953164267792E-4 8.224811514736125E-5 1.4621887137308666E-4 0.0018962759881197178 1.3708019191226888E-4 0.02242631939684715 0.28009138679460793 0.13007082476582127 1.142334932602241E-4 6.259995430660277E-4 0.006844870916152616 0.31642220699109025 0.0017591957962074484 1.873429289467669E-4 1.6906557002513138E-4 3.6097783870230765E-4 1.7820424948594932E-4 0.0058350468357322395 0.18973269362577103 1.9648160840758506E-4 8.681745487777009E-5 2.741603838245369E-4 1.462188713730868E-4 0.0400091386794608 0.0020653415581448485 
3.366555924695456E-4 0.009249169435215953 2.790697674418602E-4 0.00346843853820598 0.0018959025470653373 0.01953931339977851 0.34575858250276875 0.20034994462901434 0.0034728682170542635 0.012279069767441869 1.5946843853820614E-4 0.046121816168327764 0.0407264673311185 1.0631229235880418E-4 1.7718715393133958E-4 3.189368770764114E-4 4.473975636766329E-4 0.17613289036544852 0.12595791805094125 0.001218161683277962 0.0019401993355481712 1.1960132890365478E-4 7.131782945736431E-4 0.006688815060908088 0.0025426356589147263 
7.987519500780032E-4 1.2480499219968855E-4 0.003475819032761308 0.025447737909516377 1.747269890795637E-4 0.10194695787831515 0.398358814352574 0.0916443057722309 1.1232449297971937E-4 0.1340093603744149 0.02906084243369735 0.053129485179407195 1.123244929797195E-4 1.2480499219968827E-4 9.734789391575667E-4 1.9344773790951663E-4 0.0011606864274570988 6.240249609984399E-4 0.1537035881435258 4.305772230889238E-4 4.4305772230889267E-4 0.001329173166926678 2.2464898595943867E-4 5.491419656786274E-4 0.0018471138845553828 
0.1609469610744366 1.7300250398361041E-4 1.91213293876622E-4 1.365809241975873E-4 0.002139767812428864 0.06609606191668563 0.2742044161165493 0.11455497382198959 0.003419075802412932 0.0696198497609834 0.08673343956294102 0.018579558388345095 3.869792852264968E-4 2.4129296608240382E-4 1.0015934441156386E-4 0.0010380150239016638 7.511950830867327E-4 9.833826542226276E-4 0.19276576371500106 4.5526974732528966E-4 2.59503755975415E-4 0.004939676758479407 3.7332119280673767E-4 8.058274527657647E-4 1.0471204188481686E-4 
0.05702011325912909 9.763718023823463E-5 2.226127709431754E-4 5.4676820933411374E-5 1.1325912907635213E-4 3.202499511814111E-4 0.2626869752001562 0.13486818980667833 6.248779535247015E-5 0.08932630345635612 0.02689709041202888 0.04903729740285098 0.009525483304042183 1.0544815465729336E-4 1.952743604764694E-4 0.01258347978910369 1.0154266744776395E-4 0.0013747314977543461 0.3257059168131226 3.6711579769576334E-4 1.2107010349541099E-4 0.0020152314001171652 0.015012692833430975 0.012032806092560052 1.5231400117164616E-4 
0.06564780673871584 9.968213604577237E-4 3.5600762873490186E-5 0.005823267641449457 1.2714558169103608E-4 0.020221233312142397 0.18870692943420214 0.21069294342021622 8.13731722822631E-5 0.038876033057851235 0.03298156389065479 0.007608391608391606 6.764144945963131E-4 0.0015333757151938974 6.102987921169724E-5 3.051493960584867E-4 0.0011671964399237135 6.102987921169742E-4 0.19317736808645908 6.738715829624931E-4 1.5257469802924323E-4 0.22897139224411953 4.907819453273998E-4 3.560076287349019E-4 2.5429116338207273E-5 
0.005484289794858488 4.777979745520643E-4 3.3757465593352374E-4 3.7912230589457266E-4 6.076343806803427E-4 0.0015372630485588157 0.335486886522981 0.13940794598805503 1.5580368735393404E-4 0.06447675928330301 0.001963126460659569 0.07578810698519862 1.8177096857958965E-4 0.041854063879511835 0.01589197611010129 0.009929888340690725 1.0386912490262263E-4 7.063100493378342E-4 0.23936639833809392 1.1425603739288494E-4 5.972474681900806E-4 0.00374448195273955 0.059813035575175276 0.0013866528174500126 2.0773824980524532E-4 
0.036995678478824574 4.252376836646482E-4 5.877268798617116E-5 3.90665514261019E-4 1.1063094209161628E-4 0.01619706136560069 0.2516819360414867 0.12442869490060503 1.1408815903197933E-4 0.1631668107173725 0.0815419187554019 0.016515125324114085 7.95159896283491E-4 0.00589801210025929 1.1754537597234233E-4 0.006191875540190147 0.0011650821089023333 5.911840968020716E-4 0.22923422644770963 2.8694900605012985E-4 1.7977528089887642E-4 0.0064165946413137385 0.001241140881590318 1.4174589455488335E-4 0.05611408815903201 
4.428044280442806E-4 0.0011266912669126695 0.0016039360393603882 6.740467404674047E-4 1.1316113161131628E-4 0.00465436654366544 0.39258548585485864 0.12077736777367776 1.377613776137764E-4 0.08358671586715871 0.052049200492004954 0.10760147601476014 5.904059040590414E-5 6.888068880688816E-5 8.856088560885627E-5 1.476014760147605E-4 2.65682656826568E-4 1.1808118081180833E-4 0.1709766297662977 0.002223862238622384 1.1808118081180833E-4 0.009756457564575643 3.9852398523985305E-4 2.6076260762607597E-4 0.050164821648216486 
0.03220770630064498 1.2568215644121025E-4 0.0059996692574830505 1.0583760542417722E-4 2.0836778567884874E-4 0.03461551182404497 0.22726641309740347 0.15696378369439382 1.1575988093269375E-4 0.1127335869025964 0.04640978997850174 9.856127005126506E-4 1.0583760542417719E-4 6.28410782206053E-5 3.43972217628576E-4 0.005242268893666285 9.260790474615503E-5 7.276335372912193E-5 0.26785182735240615 2.3151976186538755E-4 1.2568215644121015E-4 0.031896808334711424 0.048460393583595135 0.02737225070282785 4.035058706796753E-4 
0.02513899323816679 7.002253944402694E-4 1.111945905334337E-4 6.912096168294529E-5 7.513148009015804E-5 0.038584522915101435 0.20602854996243436 0.18042975206611575 2.103681442524418E-4 0.17237565740045085 0.0941307287753569 0.005135987978963186 2.133734034560483E-4 6.311044327573256E-5 1.1419984973704002E-4 2.494365138993227E-4 1.592787377911345E-4 3.906836964688202E-5 0.25719008264462817 0.007687453042824942 5.409466566491372E-5 0.010984222389181059 4.507888805409471E-5 1.5326821938392202E-4 5.709992486852003E-5 
0.002710261965727791 0.005132952531022255 0.0016387630490447122 0.013756155209769553 0.0013433129801063617 1.0242269056529432E-4 0.2500571203466615 0.15103013590703174 2.3242072089816863E-4 0.05766397478826079 7.366555052196198E-4 0.02481386645656885 2.5211739216072517E-4 1.4575536734291882E-4 0.02739806972621627 0.0033799487886547186 0.0012133149497734895 1.3787669883789637E-4 0.29827063226314765 3.4272207996848583E-4 3.6635808548355275E-4 0.0017569430766200516 0.11121528461689975 0.04601142406933228 2.9151073468583846E-4 
8.253309109784583E-4 0.0038515442512328055 0.0020192058136517003 6.851803789255121E-4 9.602906825849977E-4 0.0026888139112379956 0.4013132623929405 0.12403322086685702 8.512847132104854E-4 0.01325201141967298 0.02085128471321049 0.13717103555670904 0.024017648585517786 0.0014482221645471067 0.007381261354788476 0.0022060731897222945 1.5053205294575636E-4 8.35712431871269E-4 0.2166623410329613 0.0018115753957954836 0.0012613547884765116 3.166363872307298E-4 0.0154892291720737 0.012177524007267071 0.007739423825590449 
2.2096469954190268E-4 5.658852061438969E-4 0.0017569388305039046 3.071948261924012E-4 3.2875235785502597E-4 5.227701428186478E-4 0.39976286715171105 0.14253839935327414 0.0035300458097547813 0.013031527890056587 0.036701697655618475 0.030396119644300716 0.1401616814874697 9.161950956615466E-5 0.0026623551603341404 0.010304500134734574 0.014605227701428174 0.004333063864187548 0.16225276205874423 8.407437348423609E-4 1.994071678792781E-4 7.545136081918611E-5 0.015198059822150367 0.019482619240097004 1.293451899757478E-4 
0.024051222351571592 1.6298020954598377E-4 0.03223127667830811 0.0725417151726814 2.3282887077997672E-4 0.001528909584788512 0.5742491268917348 0.06221187427240979 1.3969732246798606E-4 0.057198292588280915 0.001334885525805199 0.025432673651532785 0.006247574699262708 3.414823438106316E-4 3.8028715560729445E-4 0.003298409002716337 6.907256499805957E-4 0.0038571982925882818 0.07813736903376024 3.958090803259592E-4 0.003500194024058984 0.0016375630578191677 2.1730694606131166E-4 0.04987194412107103 1.0865347303065583E-4 
8.591239641467971E-4 9.572129206832428E-4 0.0019482496194824911 0.010901403686791813 1.860307796380851E-4 0.01694909521393541 0.24686622695755123 0.15865719600879416 0.001403686791814646 0.1977676306443431 7.441231185523435E-5 0.020639269406392716 0.004718417047184163 6.561812954507032E-4 2.3000169118890526E-4 0.0017013360392355828 9.470657872484356E-5 3.3147302553695253E-4 0.2562692372738037 2.3338406900050691E-4 1.2853035684085902E-4 4.363267376966008E-4 0.020554709961102677 0.055088787417554574 0.0023473702012514796 
5.712019040063472E-4 1.507338357794524E-4 0.0011662038873462917 0.0014280047600158615 6.664022213407389E-4 0.0039270130900436375 0.5604125347084489 0.08262594208647361 2.380007933359779E-4 0.15330424434748102 1.9833399444664832E-4 0.01512098373661245 0.025220150733835794 0.014502181673938916 5.077350257834203E-4 0.022649742165807226 2.776675922253082E-4 9.044030146767158E-4 0.11078936929789766 1.8246727489091647E-4 6.902023006743363E-4 2.459341531138447E-4 1.8246727489091633E-4 0.0026100753669178935 0.0014280047600158665 
1.9325576809307846E-4 1.3803983435219862E-4 8.676789587852514E-5 9.071189114573052E-5 0.0012147505422993494 0.04667718398737922 0.2523683691579572 0.15590613291264052 6.310392427529098E-5 0.020138039834352202 1.3015184381778724E-4 0.02117136659436009 1.301518438177873E-4 1.222638532833761E-4 1.6959179648984443E-4 0.11634391638730034 1.5775981068822696E-4 7.493591007690816E-5 0.2368605797673043 9.85998816801419E-5 5.127193847367372E-4 3.0368763557483725E-4 0.12364425162689802 0.023139420232695728 2.642476829027813E-4 
6.974900924702775E-4 0.0013104359313077928 7.239101717305141E-4 0.05108058124174372 0.004338177014531045 0.0023513870541611625 0.41126552179656534 0.11072655217965653 2.48348745046235E-4 0.05246499339498015 0.032026420079260244 0.11438837516512551 0.004676354029062086 0.006800528401585206 2.536327608982826E-4 1.9022457067371213E-4 0.0022879788639365954 1.585204755614265E-4 0.17076882430647292 3.0118890356671085E-4 0.002018494055482168 2.2721268163804505E-4 0.006504623513870542 0.006140026420079259 0.018050198150594464 
0.21122320709105555 0.02541498791297341 9.991941982272342E-5 0.023632554391619657 0.0010282030620467402 0.050149879129734086 0.23207735697018544 0.22227880741337622 0.014491539081385974 9.991941982272363E-5 4.544721998388388E-4 0.005170024174053181 8.70265914585012E-5 3.1909750201450403E-4 0.001395648670427075 1.0636583400483476E-4 0.001202256244963741 0.021079774375503638 0.17260596293311853 0.002652699435938762 1.57937147461724E-4 3.996776792908941E-4 8.670427074939595E-4 4.8348106365833947E-4 0.012522159548751008 
0.047704071879181804 9.71133626457655E-4 1.1852418275664301E-4 0.034264958898872114 6.843815714012619E-4 0.11901357293060606 0.2774918753584401 0.17392850315427263 1.0705410055438759E-4 5.238004205696799E-4 0.021303766010323067 0.02639648250812464 9.673102657235728E-4 7.64672146817051E-5 0.004626266488243164 6.270311603899826E-4 2.714586121200541E-4 2.0646147964060446E-4 0.15922385777098064 7.532020646147991E-4 1.4528770789524011E-4 1.3764098642706974E-4 5.276237813037647E-4 2.102848403746897E-4 0.1297189829860447 
0.1614928711210512 0.010013978194017326 1.0623427453173068E-4 0.0013474979032708973 1.6214705060106253E-4 0.022348336594911925 0.35200447302208543 0.18216382443388301 0.010500419345820515 0.0032876712328767117 4.5289348616158826E-4 0.023270897400055914 0.006385239027117699 1.341906625663967E-4 0.016505451495666748 0.019099804305283772 2.68381325132793E-4 2.963377131674589E-4 0.15231199329046693 3.075202683813253E-4 8.386916410399795E-5 9.672910259994373E-4 1.7332960581492886E-4 1.230081073525302E-4 0.03619233994967848 
0.16010149422046804 0.006681702847476742 2.762898223851137E-4 0.046416690160699166 0.0027572596560473655 0.0015675218494502407 0.3824527769946436 0.1477304764589794 1.2968705948689034E-4 9.021708486044538E-5 8.739780095855658E-4 0.025131096701437837 0.00331547786862137 0.004059768818720044 0.03232590921905833 2.4809698336622455E-4 2.65012686777558E-4 9.303636876233448E-4 0.16541302509162661 3.157597970115588E-4 1.2404849168311228E-4 0.0019227516210882443 9.585565266422319E-5 5.018325345362278E-4 0.016272906681702854 
0.22036658306000384 0.015373335905846032 0.00238857804360409 0.0010765965656955457 0.002677985722554506 0.027273779664287075 0.2471001350569169 0.20125024117306578 0.010264325680108044 7.949064248504719E-4 1.1962184063283846E-4 0.012031641906231915 0.010846999807061546 0.00114219563959097 3.1256029326644816E-4 2.0451475979162666E-4 7.293073509550464E-4 0.003611807833301177 0.1927185027976076 8.064827320084884E-4 1.1576307158016616E-4 1.7364460737024907E-4 0.006397839089330488 1.1962184063283823E-4 0.042103029133706345 
0.008072902707049046 0.015229161082819624 5.950147413562043E-4 0.03110694183864916 3.6451353524524224E-4 0.029370142053068902 0.36158670597695 0.11899758777807565 6.218172071830603E-4 1.1257035647279513E-4 0.043596890913964084 0.06407933529884746 9.112838381131056E-5 2.3050120611096202E-4 1.661752881265073E-4 4.12757973733583E-4 1.715357812918784E-4 6.218172071830602E-4 0.16426695255963536 3.216295899222724E-4 0.001667113374430448 4.6100241222192404E-4 0.1491932457786117 2.2514071294559034E-4 0.008437416242294299 
2.777089015621126E-4 0.11143565583932556 3.71931564592115E-4 0.0563054797917183 7.736176543515994E-4 0.017292338209769408 0.3755070666997271 0.1583684602033226 1.0414083808579221E-4 0.0011802628316389793 0.00413587899826432 0.037654351599305726 0.007785767418794935 7.934540044631786E-5 0.031048847012149768 4.11604264815274E-4 1.5373171336474092E-4 0.006045127696503838 0.10044135878998267 0.0012100173568063474 5.008678403173815E-4 0.025147532853954862 0.060362013389536305 6.694768162658071E-4 0.0027374163153979668 
1.0084638933909611E-4 0.09088420673509817 0.0024491265982351912 0.01595173779938771 0.002027732757068252 0.0189807311363227 0.24655141365027916 0.1886943994237349 5.510534846029157E-4 6.482982171799026E-4 0.05316765712227628 0.026007563479200416 9.076175040518629E-4 1.4046461372231234E-4 0.04065189987394203 7.203313524221125E-5 1.1165135962542767E-4 2.1609940572663442E-4 0.2222510354763191 1.1885467314964895E-4 1.6207455429497565E-4 0.015058526922384291 0.07251575724833426 1.5847289753286527E-4 0.001620745542949764 
0.0011760500446827533 0.012546916890080431 1.0366398570151912E-4 0.06691689008042893 9.294012511170667E-5 0.035538873994638086 0.2373941018766756 0.22509740840035744 1.251117068811438E-4 1.5013404825737245E-4 0.004142984807864165 0.01424843610366398 3.89633601429849E-4 8.221626452189439E-5 0.001136729222520107 6.827524575513863E-4 2.2162645218945485E-4 0.0037176050044682774 0.17760857908847177 1.3583556747095613E-4 1.9660411081322602E-4 0.00509025915996426 0.1945379803395889 0.017826630920464707 8.400357462019663E-4 
