0.09353233830845765 0.37912437810945293 0.09050746268656723 0.14286567164179106 0.29397014925373144 
0.13639800995024878 0.007960199004975119 0.3506467661691543 0.033691542288557225 0.47130348258706484 
0.09265671641791043 0.029492537313432817 0.341990049751244 0.463960199004975 0.0719004975124378 
0.20559203980099494 0.021353233830845766 0.14823880597014924 0.414308457711443 0.21050746268656728 
0.07420895522388064 0.7199203980099504 0.15976119402985073 0.03333333333333334 0.012776119402985073 
0.20724378109452746 0.04350248756218905 0.2315422885572139 0.18581094527363182 0.33190049751243755 
0.14652736318407958 0.34204975124378106 0.4665472636815922 0.01516417910447761 0.029711442786069662 
0.015920398009950255 0.29894527363184087 0.17478606965174134 0.4692338308457712 0.041114427860696495 
0.20754228855721393 0.03200000000000001 0.6246368159203979 0.08947263681592042 0.04634825870646767 
0.34300497512437805 0.018527363184079607 0.49950248756218885 0.1291542288557214 0.009810945273631832 
0.009412935323383075 0.2930348258706468 0.06011940298507462 0.4259104477611939 0.21152238805970153 
0.18734328358208946 0.009074626865671643 0.3643980099502484 0.3794228855721393 0.059761194029850716 
0.11890547263681592 0.35303482587064666 0.26179104477611936 0.04103482587064677 0.2252338308457711 
0.004497512437810931 0.10155223880597009 0.0250547263681592 0.2747462686567165 0.5941492537313433 
0.19319402985074638 0.2237213930348259 0.3663880597014927 0.04262686567164178 0.17406965174129357 
0.017532338308457716 0.5090547263681592 0.279641791044776 0.14885572139303485 0.04491542288557211 
0.06370149253731343 0.6761393034825872 0.09560199004975123 0.06272636815920396 0.10183084577114425 
0.07241791044776118 0.09440796019900499 0.741233830845771 0.07878606965174133 0.013154228855721387 
0.15998009950248762 0.02612935323383084 0.17912437810945275 0.25586069651741306 0.3789054726368159 
0.01568159203980099 0.43205970149253703 0.08495522388059695 0.1798208955223881 0.2874825870646766 
0.29783084577114416 0.025373134328358197 0.1050348258706467 0.11074626865671636 0.46101492537313427 
0.013572139303482587 0.5465472636815922 0.31518407960199 0.08664676616915416 0.03804975124378109 
0.08189054726368157 0.648398009950249 0.16200995024875625 0.08529353233830844 0.02240796019900497 
0.10093532338308454 0.7413134328358207 0.017791044776119397 0.12055721393034827 0.01940298507462686 
0.007761194029850744 0.052517412935323395 0.07464676616915426 0.794686567164179 0.07038805970149255 
0.2798208955223879 0.08298507462686565 0.02001990049751245 0.39082587064676616 0.22634825870646771 
0.4403980099502487 0.2612537313432834 0.008955223880597017 0.12204975124378108 0.16734328358208955 
0.051701492537313445 0.14067661691542294 0.08316417910447761 0.00999004975124378 0.7144676616915424 
0.05478606965174126 0.0834626865671642 0.04750248756218904 0.7180696517412938 0.09617910447761194 
0.07120398009950249 0.009572139303482581 0.24141293532338307 0.13970149253731334 0.5381094527363188 
0.11148258706467662 0.004716417910447756 0.3959203980099503 0.22149253731343285 0.2663880597014923 
0.052975124378109445 0.11032835820895531 0.017114427860696505 0.7220099502487559 0.09757213930348259 
0.2674626865671642 0.006089552238805964 0.6801194029850745 0.0337910447761194 0.012537313432835815 
0.17032835820895526 0.34784079601990053 0.017452736318407963 0.28027860696517415 0.18409950248756224 
0.010606965174129346 0.3623283582089553 0.5951442786069648 0.019721393034825868 0.01219900497512437 
0.5160995024875624 0.0140497512437811 0.08374129353233835 0.3638009950248755 0.022308457711442835 
0.03060696517412934 0.7417711442786071 0.10173134328358208 0.008776119402985066 0.11711442786069655 
0.21707462686567158 0.04465671641791044 0.005930348258706462 0.5984079601990051 0.13393034825870648 
0.009552238805970142 0.7024477611940302 0.2529154228855722 0.02907462686567165 0.0060099502487562136 
0.06754228855721398 0.05444776119402984 0.16149253731343294 0.37894527363184066 0.33757213930348257 
0.06686567164179107 0.8145074626865673 0.007761194029850744 0.020935323383084573 0.08993034825870637 
0.0445174129353234 0.5484577114427863 0.01351243781094527 0.38336318407960185 0.010149253731343273 
0.24173134328358198 0.244039800995025 0.011402985074626858 0.03432835820895523 0.4684975124378109 
0.05787064676616915 0.16901492537313442 0.445094527363184 0.23749253731343284 0.09052736318407958 
0.006069651741293521 0.016457711442786058 0.01271641791044776 0.4889751243781093 0.47578109452736345 
0.3552636815920399 0.0052537313432835745 0.2804179104477611 0.13353233830845776 0.22553233830845765 
0.11418905472636817 0.012696517412935315 0.034547263681592055 0.8024676616915423 0.036099502487562204 
0.01699502487562189 0.005134328358208947 0.31042786069651757 0.031681592039801004 0.6357611940298509 
0.00889552238805969 0.1756019900497511 0.005950248756218902 0.7393034825870647 0.07024875621890549 
0.11460696517412938 0.17349253731343287 0.5238407960199002 0.14987064676616912 0.03818905472636816 
0.05942288557213933 0.3583283582089553 0.005154228855721382 0.01749253731343283 0.5596019900497511 
0.2456716417910448 0.34712437810945274 0.19984079601990043 0.19454726368159206 0.012815920398009946 
0.016258706467661685 0.053651741293532354 0.09908457711442782 0.3818109452736319 0.44919402985074613 
0.051283582089552235 0.18095522388059707 0.537810945273632 0.055383084577114446 0.17456716417910445 
0.7357412935323387 0.013154228855721397 0.008398009950248754 0.10700497512437808 0.13570149253731334 
0.20228855721393038 0.018606965174129336 0.254626865671642 0.36376119402985063 0.1607164179104478 
0.05781094527363185 0.026487562189054726 0.606507462686567 0.29713432835820885 0.012059701492537317 
0.1240398009950248 0.12815920398009953 0.6826865671641795 0.057273631840796035 0.007840796019900492 
0.3053930348258707 0.632039800995025 0.008537313432835819 0.04559203980099505 0.008437810945273617 
0.22837810945273634 0.007542288557213925 0.055800995024875615 0.4346268656716419 0.2736517412935325 
0.14555223880597004 0.09844776119402988 0.4877412935323384 0.0267860696517413 0.24147263681592043 
0.09460696517412938 0.027940298507462723 0.2768955223880598 0.20065671641791044 0.3999004975124375 
0.08949253731343285 0.7291542288557216 0.1034228855721393 0.03114427860696519 0.04678606965174129 
0.23371144278606962 0.006626865671641776 0.580079601990049 0.13715422885572134 0.042427860696517404 
0.022865671641791045 0.054606965174129336 0.05870646766169152 0.3125572139303483 0.5512636815920401 
0.11108457711442782 0.41866666666666674 0.30362189054726385 0.11080597014925378 0.055820895522388066 
0.060417910447761194 0.02499502487562188 0.05068656716417908 0.1957014925373135 0.6681990049751246 
0.13934328358208953 0.01838805970149255 0.414268656716418 0.4124378109452739 0.015562189054726365 
0.24853731343283592 0.11592039800995031 0.02181094527363188 0.08318407960199004 0.5305472636815921 
0.5010945273631838 0.012099502487562197 0.4239004975124379 0.047582089552238804 0.015323383084577114 
0.17675621890547266 0.05800995024875623 0.14618905472636812 0.023064676616915438 0.5959800995024872 
0.5164776119402985 0.006825870646766165 0.10485572139303487 0.3616119402985074 0.010228855721393027 
0.029810945273631838 0.25751243781094507 0.05502487562189052 0.6253532338308455 0.03229850746268656 
0.033830845771144265 0.030109452736318425 0.021452736318407953 0.12991044776119406 0.7846965174129352 
0.23108457711442792 0.03771144278606966 0.21605970149253723 0.4942487562189053 0.020895522388059716 
0.2308457711442785 0.12465671641791051 0.20296517412935317 0.0929751243781095 0.34855721393034805 
0.013393034825870636 0.2831442786069653 0.054308457711442826 0.5787661691542287 0.07038805970149252 
0.3564577114427858 0.11090547263681591 0.008159203980099493 0.5026666666666667 0.02181094527363188 
0.021014925373134315 0.16193034825870656 0.3832039800995023 0.15237810945273633 0.2814726368159202 
0.0073034825870646695 0.6790248756218902 0.2435621890547265 0.06366169154228853 0.0064477611940298475 
0.016616915422885566 0.6267860696517414 0.3045572139303481 0.020835820895522397 0.031203980099502475 
0.33275621890547263 0.14103482587064678 0.435900497512438 0.03808955223880599 0.05221890547263679 
0.05494527363184079 0.02839800995024876 0.06905472636815915 0.7947661691542285 0.05283582089552244 
0.23361194029850746 0.05138308457711444 0.6368358208955219 0.053910447761194025 0.024258706467661695 
0.6842985074626864 0.07914427860696514 0.1840199004975124 0.039243781094527364 0.013293532338308463 
0.3670447761194031 0.09166169154228854 0.057452736318407985 0.47492537313432825 0.008915422885572134 
0.10794029850746266 0.23162189054726365 0.22497512437810946 0.3576517412935324 0.0778109452736318 
0.049452736318407915 0.37233830845771154 0.21663681592039802 0.2102885572139304 0.15128358208955206 
0.38959203980099505 0.042348258706467655 0.4515621890547266 0.01964179104477611 0.09685572139303478 
0.3220298507462687 0.045910447761194025 0.2979900497512435 0.015323383084577109 0.31874626865671635 
0.31373134328358193 0.10029850746268654 0.17990049751243775 0.0480597014925373 0.3580099502487562 
0.008935323383084575 0.07747263681592038 0.14756218905472637 0.31765174129353224 0.44837810945273626 
0.04463681592039801 0.7332736318407959 0.20967164179104472 0.006248756218905461 0.006169154228855714 
0.04415920398009951 0.16523383084577106 0.046009950248756246 0.03357213930348261 0.7110248756218907 
0.6541492537313429 0.04662686567164179 0.056537313432835835 0.11687562189054722 0.12581094527363187 
0.05675621890547266 0.157273631840796 0.4176915422885573 0.05709452736318408 0.3111840796019903 
0.660179104477612 0.0075621890547263645 0.2842587064676616 0.01731343283582089 0.030686567164179092 
0.011562189054726365 0.08983084577114427 0.2825273631840799 0.23980099502487562 0.376278606965174 
0.28792039800995023 0.010885572139303482 0.15347263681592035 0.1342686567164179 0.41345273631840784 
0.2645174129353235 0.07261691542288559 0.1733134328358209 0.11255721393034827 0.3769950248756217 
0.09751243781094532 0.20750248756218917 0.3484776119402983 0.08163184079601983 0.26487562189054725 
0.08724378109452742 0.3067860696517413 0.31207960199004975 0.008139303482587066 0.2857512437810945 
0.05086567164179104 0.29743283582089547 0.05906467661691543 0.11590049751243776 0.47673631840796005 
0.11032835820895526 0.010985074626865675 0.016278606965174122 0.7068258706467659 0.15558208955223882 
0.011761194029850734 0.10302487562189057 0.23307462686567168 0.6251144278606958 0.027024875621890536 
0.06919402985074627 0.4101293532338308 0.015880597014925356 0.09265671641791043 0.412139303482587 
0.4427860696517413 0.2202388059701492 0.011203980099502485 0.248955223880597 0.07681592039801 
0.017154228855721387 0.4623681592039803 0.21004975124378109 0.011482587064676612 0.2989452736318407 
0.04535323383084578 0.15225870646766174 0.42929353233830836 0.3131144278606965 0.05998009950248756 
0.14819900497512445 0.02985074626865671 0.43275621890547233 0.29470646766169173 0.09448756218905469 
0.012039800995024871 0.5861492537313427 0.04284577114427861 0.2980298507462685 0.06093532338308459 
0.020398009950248753 0.011004975124378105 0.6355621890547261 0.07040796019900494 0.2626268656716418 
0.00764179104477612 0.04218905472636816 0.3125174129353234 0.10626865671641796 0.5313830845771145 
0.05528358208955225 0.5118009950248754 0.16262686567164183 0.22407960199004986 0.0462089552238806 
0.10461691542288562 0.037552238805970146 0.0407960199004975 0.046825870646766174 0.7702089552238808 
0.021353233830845794 0.2925572139303482 0.5099303482587064 0.08185074626865672 0.09430845771144285 
0.03406965174129353 0.1941094527363184 0.12421890547263674 0.44706467661691535 0.20053731343283576 
0.4922985074626866 0.0414129353233831 0.21601990049751243 0.05542288557213928 0.1948457711442787 
0.014348258706467658 0.4358009950248755 0.005950248756218889 0.06959203980099499 0.47430845771144275 
0.27609950248756226 0.14210945273631842 0.263323383084577 0.06039800995024876 0.25806965174129376 
0.10579104477611947 0.025611940298507458 0.4552835820895523 0.025134328358208956 0.38817910447761206 
0.22762189054726384 0.2881393034825871 0.29397014925373144 0.04503482587064677 0.14523383084577118 
0.5198606965174127 0.26591044776119416 0.13601990049751245 0.06370149253731343 0.014507462686567154 
0.014487562189054733 0.22863681592039808 0.3831044776119404 0.2888557213930349 0.08491542288557213 
0.0794626865671642 0.17818905472636817 0.014726368159203964 0.23635820895522378 0.49126368159204 
0.23755223880597018 0.06855721393034822 0.2550646766169155 0.027940298507462696 0.41088557213930327 
0.9304875621890549 0.00893532338308457 0.008577114427860695 0.01178109452736318 0.040218905472636866 
0.007980099502487558 0.00961194029850746 0.2565174129353234 0.048815920398009964 0.6770746268656719 
0.14262686567164176 0.054527363184079594 0.7225870646766168 0.05924378109452738 0.02101492537313432 
0.34915422885572134 0.03134328358208955 0.5021691542288559 0.046268656716417916 0.07106467661691547 
0.04382089552238806 0.016517412935323394 0.4762388059701491 0.20033830845771144 0.263084577114428 
0.020477611940298502 0.5186467661691543 0.05647761194029851 0.05462686567164185 0.349771144278607 
0.44330348258706465 0.4637014925373134 0.05062686567164179 0.017890547263681583 0.024477611940298495 
0.05323383084577118 0.11743283582089553 0.023223880597014926 0.46204975124378117 0.3440597014925374 
0.04893532338308455 0.044716417910447774 0.028835820895522404 0.06587064676616919 0.8116417910447759 
0.2570149253731345 0.13056716417910436 0.45912437810945256 0.1309651741293533 0.02232835820895522 
0.013432835820895519 0.3551044776119404 0.1707064676616915 0.04127363184079604 0.4194825870646766 
0.01623880597014924 0.2422288557213931 0.6486965174129351 0.07834825870646768 0.014487562189054731 
0.012895522388059702 0.10937313432835825 0.8141094527363181 0.05528358208955224 0.008338308457711437 
0.1846567164179105 0.5931940298507459 0.09176119402985071 0.10318407960199001 0.02720398009950249 
0.45683582089552244 0.014825870646766166 0.254547263681592 0.18202985074626857 0.09176119402985072 
0.13385074626865684 0.008636815920398005 0.2269054726368159 0.007502487562189052 0.6231044776119404 
0.04670646766169151 0.10055721393034829 0.039999999999999994 0.10441791044776122 0.7083184079601992 
0.0396417910447761 0.012815920398009953 0.04037810945273632 0.7359800995024876 0.17118407960199 
0.10149253731343283 0.5268258706467666 0.005532338308457704 0.342905472636816 0.023243781094527387 
0.2919004975124376 0.4376716417910447 0.003701492537313428 0.13329353233830846 0.13343283582089555 
0.2368358208955225 0.5561194029850749 0.011681592039800999 0.13038805970149245 0.0649751243781094 
0.30240796019900507 0.014348258706467663 0.011164179104477605 0.13691542288557207 0.5351641791044773 
0.2009751243781096 0.05269651741293532 0.4458507462686568 0.2791442786069651 0.021333333333333336 
0.26256716417910436 0.08581094527363187 0.47205970149253745 0.040517412935323405 0.13904477611940297 
0.003482587064676613 0.12316417910447772 0.4212537313432836 0.12405970149253737 0.32803980099502505 
0.20704477611940297 0.5851940298507461 0.0076218905472636754 0.119363184079602 0.08077611940298506 
0.08063681592039802 0.005452736318407957 0.21972139303482588 0.23474626865671638 0.4594427860696517 
0.1997014925373134 0.053233830845771164 0.0901890547263682 0.4562388059701493 0.2006368159203981 
0.4453532338308456 0.088955223880597 0.04218905472636817 0.044636815920398 0.3788656716417911 
0.44093532338308433 0.23621890547263685 0.0050945273631840685 0.2889154228855721 0.02883582089552241 
0.009572139303482583 0.012477611940298505 0.8020099502487565 0.12770149253731328 0.04823880597014925 
0.022666666666666672 0.2963582089552238 0.556139303482587 0.08630845771144278 0.03852736318407961 
0.05150248756218903 0.08889552238805967 0.5925572139303481 0.24969154228855742 0.017353233830845777 
0.03201990049751241 0.24600995024875622 0.5835422885572144 0.1288159203980099 0.009611940298507456 
0.6045970149253729 0.01960199004975124 0.2474626865671641 0.019303482587064685 0.10903482587064672 
0.2109651741293533 0.6002786069651744 0.0035422885572139267 0.010169154228855712 0.17504477611940283 
0.012457711442786077 0.42469651741293535 0.5502885572139306 0.0049353233830845685 0.007621890547263671 
0.015900497512437817 0.1002388059701493 0.20831840796019901 0.3358606965174129 0.33968159203980086 
0.1572537313432837 0.03890547263681591 0.09046766169154224 0.2554825870646766 0.4578905472636816 
0.09476616915422882 0.004437810945273629 0.22403980099502482 0.5476218905472634 0.12913432835820896 
0.016417910447761194 0.01661691542288557 0.008636815920398012 0.5691144278606965 0.38921393034825896 
0.02033830845771143 0.02674626865671641 0.9244975124378112 0.02007960199004975 0.008338308457711436 
0.4101890547263678 0.08869651741293533 0.013810945273631827 0.37046766169154244 0.11683582089552243 
0.04041791044776121 0.005691542288557207 0.09412935323383076 0.21990049751243773 0.6398606965174133 
0.06981094527363185 0.034885572139303475 0.1278606965174129 0.12451741293532338 0.6429253731343284 
0.08853731343283582 0.006626865671641785 0.7459104477611943 0.1450945273631841 0.013830845771144285 
0.20380099502487556 0.042587064676616875 0.5296119402985076 0.09725373134328359 0.1267462686567164 
0.068 0.3272636815920397 0.5380497512437807 0.04535323383084578 0.02133333333333333 
0.03028855721393034 0.01432835820895522 0.07800995024875623 0.19466666666666665 0.6827064676616912 
0.1085771144278607 0.03689552238805969 0.2663482587064678 0.32292537313432823 0.26525373134328345 
0.11679601990049752 0.02993034825870645 0.31717412935323386 0.015124378109452741 0.5209751243781093 
0.14489552238805964 0.020039800995024865 0.04189054726368159 0.7041592039800995 0.08901492537313428 
0.8880796019900496 0.00557213930348258 0.06571144278606965 0.027621890547263668 0.013014925373134327 
0.17629850746268663 0.16250746268656724 0.5861293532338313 0.05347263681592041 0.021592039800995028 
0.5472636815920399 0.012298507462686556 0.2698905472636817 0.0785273631840796 0.09201990049751242 
0.007343283582089545 0.05673631840796018 0.03385074626865672 0.8889950248756218 0.013074626865671634 
0.5563980099502486 0.04318407960199007 0.03138308457711443 0.29560199004975124 0.07343283582089553 
0.11564179104477615 0.5066268656716418 0.25174129353233826 0.11436815920398011 0.01162189054726367 
0.1695721393034826 0.07343283582089559 0.08501492537313433 0.6459701492537309 0.02600995024875623 
0.5974328358208956 0.01671641791044777 0.26208955223880603 0.04533333333333332 0.07842786069651737 
0.20121393034825868 0.337412935323383 0.2387462686567165 0.04650746268656719 0.17611940298507464 
0.06555223880597019 0.30798009950248745 0.6082189054726368 0.015104477611940292 0.0031442786069651747 
0.35601990049751236 0.05906467661691545 0.4402388059701495 0.03872636815920403 0.1059502487562189 
0.4063880597014925 0.05126368159203981 0.46666666666666684 0.031223880597014933 0.04445771144278607 
0.7402786069651741 0.19307462686567156 0.004815920398009945 0.04547263681592042 0.016358208955223878 
0.0728557213930348 0.24320398009950261 0.07034825870646767 0.3119800995024876 0.3016119402985074 
0.349771144278607 0.014169154228855715 0.4649154228855719 0.05297512437810946 0.11816915422885574 
0.10652736318407964 0.7321194029850744 0.12177114427860702 0.031562189054726374 0.008019900497512434 
0.5433631840796017 0.1521592039800996 0.23592039800995024 0.04865671641791045 0.019900497512437807 
0.8292338308457711 0.026885572139303485 0.013791044776119405 0.0624477611940298 0.06764179104477613 
0.02276616915422887 0.032179104477611936 0.3592835820895523 0.4538706467661692 0.13190049751243774 
0.5222885572139306 0.11402985074626865 0.009313432835820886 0.24923383084577114 0.10513432835820893 
0.04179104477611941 0.02752238805970152 0.17647761194029848 0.2949850746268659 0.459223880597015 
0.7522189054726368 0.08642786069651744 0.08752238805970153 0.06770149253731347 0.006129353233830844 
0.04794029850746268 0.7879601990049747 0.03313432835820894 0.11277611940298508 0.018189054726368156 
0.007800995024875618 0.30250746268656703 0.09572139303482578 0.021393034825870644 0.5725771144278605 
0.012258706467661687 0.14995024875621887 0.3187661691542288 0.5135721393034823 0.005452736318407953 
0.2272039800995025 0.046666666666666655 0.3182885572139302 0.12187064676616913 0.2859701492537314 
0.3697512437810946 0.5841592039800987 0.011383084577114422 0.014328358208955214 0.02037810945273631 
0.10011940298507457 0.09866666666666665 0.45566169154228875 0.0767960199004975 0.26875621890547247 
0.40877611940298514 0.05355223880597013 0.18772139303482585 0.3329751243781094 0.016975124378109448 
0.3245174129353231 0.07118407960199004 0.42286567164179106 0.11633830845771145 0.06509452736318412 
0.1526169154228855 0.05884577114427859 0.687900497512438 0.01745273631840795 0.08318407960199005 
0.09353233830845772 0.2551840796019899 0.02298507462686567 0.3933134328358209 0.2349850746268657 
0.014189054726368151 0.38794029850746287 0.2427860696517412 0.16003980099502485 0.19504477611940307 
0.02212935323383084 0.2542885572139303 0.4834427860696517 0.2071641791044777 0.032975124378109476 
0.32796019900497525 0.5553432835820897 0.05134328358208957 0.03689552238805974 0.02845771144278608 
0.2527164179104478 0.06877611940298504 0.46185074626865685 0.033452736318407984 0.1832039800995025 
0.27693532338308474 0.1430845771144278 0.09408955223880593 0.08565174129353234 0.4002388059701493 
0.17558208955223878 0.4288557213930347 0.37112437810945276 0.014069651741293529 0.010368159203980105 
0.02612935323383085 0.2696915422885573 0.03524378109452735 0.27174129353233833 0.39719402985074614 
0.09203980099502493 0.05940298507462684 0.23912437810945278 0.07892537313432835 0.5305074626865669 
0.8453333333333335 0.0052338308457711355 0.020179104477611943 0.02800000000000002 0.10125373134328358 
0.6658109452736319 0.011004975124378102 0.12368159203980099 0.15550248756218898 0.04400000000000003 
0.012358208955223873 0.3242189054726369 0.6124776119402986 0.019422885572139306 0.0315223880597015 
0.15273631840796026 0.31205970149253737 0.2842189054726369 0.0695124378109453 0.18147263681592038 
0.13572139303482597 0.6759004975124381 0.016815920398009956 0.01771144278606964 0.15385074626865675 
0.03367164179104478 0.03516417910447761 0.8802786069651737 0.023582089552238807 0.02730348258706468 
0.2713034825870644 0.03510447761194031 0.3383283582089552 0.1160995024875622 0.23916417910447763 
0.017393034825870648 0.1787860696517413 0.1745273631840796 0.14240796019900498 0.48688557213930345 
0.08927363184079602 0.1678606965174129 0.29196019900497505 0.019323383084577112 0.43158208955223876 
0.16517412935323372 0.015044776119402985 0.76963184079602 0.03269651741293535 0.01745273631840796 
0.010228855721393029 0.1989253731343283 0.0039004975124378007 0.3529552238805971 0.4339900497512436 
0.0066865671641791035 0.011661691542288561 0.397910447761194 0.3300099502487563 0.25373134328358216 
0.02433830845771144 0.006885572139303476 0.011860696517412932 0.44887562189054725 0.5080398009950249 
0.6157611940298507 0.00891542288557214 0.00857711442786069 0.22545273631840806 0.14129353233830838 
0.22618905472636816 0.14919402985074637 0.40794029850746283 0.03414925373134328 0.1825273631840797 
0.013472636815920395 0.7537512437810941 0.11812935323383082 0.01982089552238806 0.09482587064676616 
0.006885572139303479 0.3412736318407959 0.02827860696517413 0.30342288557213926 0.3201393034825869 
0.06230845771144281 0.026348258706467665 0.07830845771144278 0.15526368159203988 0.677771144278607 
0.03613930348258707 0.4048557213930348 0.11446766169154234 0.00809950248756218 0.4364378109452735 
0.06459701492537313 0.007761194029850744 0.7440199004975123 0.15920398009950246 0.024417910447761215 
0.31946268656716437 0.3166169154228854 0.12109452736318409 0.22302487562189047 0.01980099502487563 
0.5001393034825871 0.07247761194029852 0.04861691542288554 0.060796019900497524 0.31797014925373135 
0.009472636815920383 0.05898507462686568 0.015701492537313427 0.8116417910447764 0.10419900497512438 
0.037253731343283594 0.03826865671641791 0.6675820895522393 0.13205970149253726 0.12483582089552236 
0.03806965174129354 0.4583880597014926 0.006905472636815916 0.015800995024875624 0.48083582089552235 
0.6996815920398007 0.007422885572139302 0.09488557213930343 0.10933333333333332 0.08867661691542286 
0.04302487562189056 0.030885572139303482 0.16788059701492533 0.11385074626865671 0.6443582089552238 
0.15367164179104476 0.5132935323383084 0.015820895522388058 0.02728358208955225 0.2899303482587064 
0.10027860696517417 0.0057114427860696405 0.09066666666666671 0.0245572139303483 0.7787860696517416 
0.17223880597014923 0.00893532338308458 0.7387661691542283 0.06905472636815921 0.0110049751243781 
0.2845572139303484 0.09958208955223881 0.20957213930348267 0.02103482587064677 0.3852537313432835 
0.1326368159203981 0.09641791044776114 0.12304477611940307 0.06997014925373135 0.5779303482587066 
0.02921393034825871 0.03528358208955225 0.013054726368159209 0.03030845771144277 0.8921393034825872 
0.09942288557213928 0.2564179104477612 0.0178507462686567 0.2988457711442783 0.32746268656716415 
0.2101890547263682 0.15655721393034822 0.014328358208955214 0.5682189054726373 0.050706467661691554 
0.04155223880597014 0.005313432835820881 0.630109452736318 0.18786069651741288 0.13516417910447764 
0.35596019900497516 0.007542288557213922 0.2485771144278608 0.35148258706467655 0.036437810945273624 
0.06871641791044772 0.06909452736318414 0.025850746268656737 0.763820895522388 0.07251741293532342 
0.6829651741293533 0.2004378109452736 0.01619900497512437 0.08352238805970151 0.01687562189054725 
0.008238805970149242 0.010169154228855724 0.5911442786069654 0.3756218905472637 0.014825870646766168 
0.011144278606965177 0.0674626865671642 0.28941293532338297 0.5073233830845768 0.12465671641791033 
0.01066666666666666 0.6304477611940298 0.13323383084577128 0.19162189054726364 0.03402985074626867 
0.008736318407960193 0.6521592039800994 0.059999999999999984 0.21036815920398 0.06873631840796023 
0.31062686567164194 0.0223084577114428 0.06863681592039801 0.5792238805970154 0.019203980099502485 
0.03942288557213931 0.480497512437811 0.1929353233830847 0.21677611940298502 0.0703681592039801 
0.5588855721393035 0.1873233830845771 0.20324378109452734 0.03882587064676616 0.011721393034825865 
0.37520398009950257 0.013432835820895515 0.01287562189054726 0.5241393034825879 0.07434825870646772 
0.02206965174129353 0.6469651741293532 0.3171144278606967 0.006567164179104469 0.007283582089552235 
0.004875621890547254 0.4322786069651741 0.05926368159203979 0.3893532338308456 0.11422885572139303 
0.42310447761194037 0.24995024875621902 0.0246766169154229 0.20380099502487553 0.09846766169154225 
0.02376119402985077 0.38778109452736315 0.09307462686567164 0.36212935323383066 0.13325373134328353 
0.1532139303482587 0.664338308457711 0.1057114427860696 0.02157213930348259 0.05516417910447764 
0.6967761194029853 0.007601990049751237 0.1975920398009951 0.03024875621890547 0.06778109452736318 
0.07560199004975127 0.006228855721393023 0.2966965174129353 0.010905472636815915 0.6105671641791042 
0.08298507462686562 0.023960199004975147 0.05966169154228857 0.4633233830845772 0.37006965174129347 
0.00732338308457712 0.13974129353233833 0.49215920398009955 0.12638805970149256 0.23438805970149257 
0.1778507462686568 0.6004975124378116 0.00975124378109452 0.010805970149253727 0.2010945273631841 
0.08597014925373132 0.5407562189054727 0.012358208955223864 0.33697512437810945 0.023940298507462675 
0.33500497512437805 0.019303482587064682 0.33538308457711435 0.022965174129353234 0.28734328358208944 
0.09207960199004983 0.010885572139303483 0.1663084577114428 0.031820895522388114 0.6989054726368154 
0.021791044776119407 0.012238805970149244 0.19922388059701496 0.18296517412935323 0.5837810945273632 
0.010626865671641781 0.05621890547263682 0.391462686567164 0.462726368159204 0.07896517412935324 
0.28579104477611916 0.016199004975124384 0.6514626865671638 0.037691542288557235 0.008855721393034815 
0.38400000000000006 0.19741293532338308 0.37727363184079615 0.03088557213930347 0.010427860696517402 
0.6260298507462686 0.025572139303482583 0.29498507462686585 0.0265671641791045 0.02684577114427861 
0.16216915422885558 0.20242786069651741 0.03285572139303485 0.5940497512437811 0.008497512437810937 
0.006646766169154222 0.0029651741293532314 0.7881592039800996 0.012756218905472636 0.1894726368159204 
0.7396417910447762 0.02539303482587064 0.11353233830845769 0.060019900497512435 0.06141293532338308 
0.011940298507462678 0.008179104477611936 0.8762587064676614 0.07261691542288556 0.03100497512437813 
0.05393034825870649 0.5637014925373134 0.022109452736318397 0.019562189054726356 0.3406965174129353 
0.20640796019900495 0.3957611940298509 0.08407960199004975 0.29200000000000026 0.02175124378109452 
0.0059502487562188965 0.163044776119403 0.45934328358208965 0.03514427860696516 0.3365174129353234 
0.012059701492537316 0.5193034825870647 0.018009950248756217 0.12843781094527362 0.3221890547263682 
0.03723383084577118 0.02764179104477612 0.2892736318407961 0.07160199004975125 0.5742487562189056 
0.05759203980099503 0.07164179104477612 0.17180099502487553 0.03295522388059702 0.6660099502487563 
0.37490547263681584 0.00384079601990049 0.02372139303482589 0.4432835820895522 0.15424875621890555 
0.045353233830845795 0.028358208955223875 0.013393034825870646 0.8362786069651743 0.07661691542288555 
0.13148258706467675 0.08121393034825865 0.01291542288557214 0.017970149253731332 0.7564179104477609 
0.012358208955223883 0.10650746268656718 0.020616915422885577 0.8449751243781095 0.015542288557213922 
0.5026666666666666 0.15830845771144283 0.04045771144278605 0.29209950248756233 0.006467661691542276 
0.05761194029850748 0.2672437810945272 0.5023681592039798 0.15367164179104462 0.019104477611940302 
0.06330348258706463 0.08666666666666661 0.5312437810945276 0.3037014925373134 0.015084577114427868 
0.4093333333333333 0.011144278606965168 0.009293532338308447 0.08831840796019903 0.48191044776119407 
0.03613930348258706 0.026985074626865682 0.1144875621890547 0.40051741293532367 0.4218706467661692 
0.008815920398009946 0.14879601990049748 0.02676616915422886 0.5559004975124373 0.25972139303482594 
0.08073631840796015 0.02123383084577115 0.10326368159203979 0.5326169154228856 0.26214925373134357 
0.19998009950248757 0.09992039800995026 0.43233830845771126 0.25321393034825873 0.01454726368159203 
0.606328358208955 0.060278606965174106 0.006109452736318399 0.1343482587064677 0.1929353233830847 
0.024696517412935343 0.021771144278606963 0.015383084577114417 0.8553631840796017 0.0827860696517413 
0.04606965174129354 0.7382686567164178 0.05042786069651743 0.004218905472636803 0.16101492537313436 
0.5397611940298503 0.07255721393034824 0.0245174129353234 0.1349651741293533 0.22819900497512438 
0.04274626865671642 0.289094527363184 0.21693532338308466 0.35168159203980087 0.09954228855721396 
0.3444776119402986 0.24772139303482568 0.03635820895522387 0.33188059701492534 0.03956218905472636 
0.5197810945273631 0.004159203980099501 0.013731343283582087 0.026547263681592062 0.4357810945273632 
0.4020099502487562 0.2593631840796019 0.06366169154228857 0.12226865671641778 0.15269651741293522 
0.05514427860696517 0.06306467661691541 0.5593830845771144 0.1543482587064677 0.16805970149253732 
0.6746268656716419 0.005373134328358193 0.02370149253731343 0.023940298507462692 0.2723582089552239 
0.05432835820895523 0.012995024875621888 0.10788059701492542 0.6845174129353233 0.14027860696517416 
0.22197014925373135 0.05038805970149255 0.0853134328358209 0.49231840796019904 0.15000995024875638 
0.08105472636815919 0.12825870646766174 0.014169154228855722 0.023383084577114452 0.7531343283582091 
0.15520398009950256 0.2637810945273633 0.008676616915422883 0.12666666666666665 0.4456716417910448 
0.30107462686567155 0.09339303482587061 0.2152636815920398 0.06760199004975123 0.3226666666666667 
0.17627860696517408 0.5768159203980097 0.18033830845771162 0.034726368159203984 0.03184079601990049 
0.07661691542288554 0.010189054726368156 0.028398009950248753 0.7792636815920398 0.10553233830845775 
0.025990049751243766 0.011024875621890544 0.5009950248756223 0.38794029850746287 0.07404975124378115 
0.3083781094527363 0.5520000000000007 0.043721393034825855 0.07277611940298509 0.023124378109452733 
0.024099502487562218 0.15241791044776115 0.2619701492537315 0.37886567164179114 0.18264676616915426 
0.5819303482587066 0.3190646766169152 0.026189054726368153 0.04688557213930349 0.02593034825870648 
0.04155223880597014 0.4358805970149254 0.024537313432835814 0.2880796019900498 0.2099502487562189 
0.017313432835820902 0.08019900497512442 0.14652736318407955 0.34029850746268653 0.4156616915422882 
0.2138706467661693 0.00527363184079601 0.023402985074626872 0.2575323383084577 0.4999203980099501 
0.3101492537313433 0.4096915422885571 0.03158208955223882 0.14246766169154226 0.10610945273631839 
0.17008955223880612 0.0425273631840796 0.571164179104478 0.1821691542288557 0.034049751243781075 
0.3236218905472636 0.017273631840796014 0.32047761194029867 0.0669253731343284 0.2717014925373135 
0.507004975124378 0.4089154228855721 0.010268656716417905 0.03387064676616916 0.0399402985074627 
0.6457711442786068 0.12577114427860703 0.007104477611940291 0.06712437810945271 0.15422885572139314 
0.3649751243781095 0.14887562189054732 0.08871641791044776 0.38849751243781094 0.008935323383084576 
0.029134328358208967 0.22493532338308458 0.4883781094527364 0.06555223880597018 0.192 
0.1413731343283582 0.0509452736318408 0.5141890547263679 0.20907462686567155 0.08441791044776116 
0.3101691542288556 0.19874626865671638 0.0741293532338308 0.05986069651741291 0.357094527363184 
0.05172139303482589 0.10392039800995029 0.13389054726368163 0.6053134328358211 0.10515422885572134 
0.0046169154228855635 0.18117412935323382 0.5927164179104475 0.20394029850746265 0.017552238805970156 
0.03544278606965172 0.005492537313432826 0.2905671641791043 0.33733333333333343 0.3311641791044772 
0.170547263681592 0.3687960199004974 0.1562587064676617 0.026388059701492557 0.2780099502487563 
0.02218905472636816 0.06738308457711438 0.007203980099502484 0.011820895522388058 0.891402985074627 
0.03685572139303483 0.0033631840796019847 0.543223880597015 0.3289154228855722 0.08764179104477617 
0.5330149253731347 0.1100298507462686 0.006905472636815913 0.0296716417910448 0.32037810945273615 
0.152497512437811 0.042248756218905476 0.21442786069651745 0.31160199004975114 0.2792238805970152 
0.12403980099502485 0.07588059701492533 0.01966169154228855 0.7666865671641792 0.013731343283582085 
0.5646169154228858 0.003323383084577111 0.32654726368159204 0.012935323383084563 0.09257711442786068 
0.10374129353233834 0.0721393034825871 0.26899502487562177 0.025870646766169195 0.5292537313432839 
0.014407960199004968 0.29761194029850746 0.22103482587064682 0.23494527363184084 0.23200000000000004 
0.0034626865671641706 0.21609950248756216 0.07830845771144278 0.3637611940298507 0.3383681592039801 
0.0512636815920398 0.43842786069651746 0.061054726368159215 0.43142288557213904 0.017830845771144282 
0.07922388059701498 0.16467661691542282 0.06784079601990044 0.6357213930348262 0.052537313432835804 
0.2515820895522389 0.19552238805970162 0.019144278606965166 0.38973134328358183 0.14401990049751248 
0.005552238805970147 0.45554228855721407 0.041472636815920415 0.48646766169154243 0.010965174129353232 
0.39281592039801005 0.017472636815920383 0.016179104477611946 0.02875621890547263 0.5447761194029848 
0.4775721393034826 0.20933333333333326 0.1821094527363182 0.10863681592039807 0.022348258706467644 
0.00652736318407959 0.06736318407960197 0.1534328358208955 0.3065472636815922 0.4661293532338309 
0.32270646766169164 0.048477611940298516 0.2032238805970149 0.2753034825870647 0.15028855721393028 
0.2967960199004976 0.16626865671641802 0.28254726368159205 0.2283980099502487 0.02599004975124377 
0.004736318407960188 0.017890547263681597 0.1928756218905472 0.17478606965174137 0.6097114427860698 
0.06177114427860695 0.00827860696517412 0.2419701492537313 0.655243781094527 0.0327363184079602 
0.5589054726368159 0.2964776119402986 0.09289552238805969 0.0324776119402985 0.019243781094527363 
0.03321393034825871 0.13277611940298512 0.0395223880597015 0.6664079601990051 0.1280796019900498 
0.007681592039800986 0.08121393034825869 0.0542089552238806 0.7269850746268655 0.12991044776119406 
0.33303482587064687 0.12043781094527363 0.240537313432836 0.2510646766169154 0.05492537313432833 
0.03410945273631842 0.019542288557213926 0.15709452736318405 0.008099502487562174 0.7811542288557212 
0.07114427860696525 0.00891542288557213 0.8862288557213929 0.010945273631840795 0.02276616915422886 
0.5928756218905481 0.1719203980099503 0.005393034825870637 0.12843781094527368 0.10137313432835818 
0.21560199004975134 0.13028855721393046 0.0078407960199005 0.2466268656716417 0.3996417910447762 
0.026985074626865665 0.04392039800995023 0.01886567164179104 0.7991442786069659 0.11108457711442783 
0.20396019900497514 0.30195024875621873 0.07331343283582084 0.14742288557213923 0.27335323383084575 
0.14256716417910448 0.009213930348258702 0.8301691542288557 0.01148258706467662 0.006567164179104475 
0.16081592039801 0.26999004975124363 0.029353233830845794 0.513373134328358 0.026467661691542337 
0.033054726368159246 0.418547263681592 0.015442786069651744 0.15633830845771135 0.37661691542288567 
0.20817910447761187 0.007064676616915417 0.3276616915422885 0.07078606965174129 0.38630845771144284 
0.027880597014925373 0.013850746268656712 0.02238805970149254 0.5148855721393037 0.42099502487562196 
0.13570149253731337 0.4848358208955223 0.29239800995024867 0.050786069651741296 0.03627860696517416 
0.16479601990049747 0.23717412935323395 0.08165174129353232 0.2618507462686568 0.25452736318407965 
0.30330348258706463 0.3413134328358209 0.029313432835820902 0.07408955223880598 0.2519800995024876 
0.01974129353233832 0.005253731343283571 0.9361592039800997 0.014507462686567153 0.024338308457711438 
0.012656716417910446 0.07452736318407957 0.08867661691542289 0.7974129353233831 0.026726368159203987 
0.5201791044776118 0.07267661691542285 0.07146268656716419 0.01699502487562189 0.3186865671641792 
0.07920398009950251 0.17333333333333337 0.25689552238805985 0.08189054726368161 0.40867661691542295 
0.2837611940298508 0.28831840796019903 0.306189054726368 0.01791044776119402 0.10382089552238806 
0.010606965174129344 0.39828855721393047 0.09466666666666664 0.3296517412935324 0.16678606965174134 
0.236636815920398 0.21414925373134328 0.3402587064676617 0.17460696517412927 0.03434825870646768 
0.31920398009950257 0.39568159203980113 0.01719402985074628 0.1301890547263681 0.13773134328358205 
0.014646766169154241 0.38413930348258724 0.5684378109452735 0.027104477611940285 0.00567164179104477 
0.10911442786069651 0.010786069651741288 0.08009950248756216 0.09534328358208954 0.7046567164179101 
0.3915024875621889 0.21820895522388073 0.10993034825870648 0.12985074626865672 0.15050746268656712 
0.33426865671641787 0.07775124378109453 0.09162189054726365 0.17006965174129351 0.3262885572139303 
0.1539303482587065 0.19050746268656713 0.15136318407960192 0.06401990049751241 0.4401791044776118 
0.04013930348258703 0.011860696517412932 0.0594825870646766 0.8641592039800996 0.024358208955223875 
0.07124378109452727 0.0761592039800995 0.10175124378109456 0.690268656716418 0.06057711442786069 
0.06593034825870649 0.07008955223880596 0.04716417910447761 0.3394626865671642 0.477353233830846 
0.36573134328358203 0.5222288557213929 0.0837810945273632 0.01926368159203978 0.008995024875621888 
0.011482587064676617 0.19755223880597017 0.6674825870646766 0.02796019900497512 0.09552238805970145 
