0.19313432835820898 0.33030845771144274 0.10847761194029858 0.3055920398009949 0.06248756218905474 
0.13188059701492533 0.034706467661691554 0.7942487562189058 0.028915422885572157 0.01024875621890547 
0.46740298507462685 0.44338308457711456 0.020696517412935333 0.048796019900497506 0.019721393034825875 
0.25637810945273626 0.12276616915422885 0.11854726368159203 0.4320398009950249 0.07026865671641787 
0.017532338308457705 0.033890547263681604 0.6088557213930351 0.01184079601990049 0.32788059701492533 
0.6019701492537307 0.009910447761194024 0.01988059701492538 0.014606965174129355 0.35363184079602006 
0.22891542288557207 0.06131343283582091 0.03347263681592041 0.2515223880597016 0.4247761194029852 
0.5106268656716414 0.011999999999999995 0.2516616915422884 0.05944278606965177 0.1662686567164178 
0.4168159203980102 0.16037810945273634 0.014766169154228861 0.15006965174129352 0.25797014925373096 
0.04435820895522392 0.4378507462686567 0.31970149253731334 0.02931343283582093 0.168776119402985 
0.01990049751243782 0.034427860696517425 0.3477014925373134 0.564855721393035 0.0331144278606965 
0.0401194029850746 0.12475621890547256 0.04027860696517414 0.6900696517412935 0.10477611940298504 
0.1131741293532338 0.023701492537313434 0.5227860696517413 0.31072636815920396 0.029611940298507448 
0.4815323383084577 0.08348258706467661 0.311323383084577 0.058129353233830866 0.06553233830845771 
0.025293532338308455 0.4167562189054726 0.11661691542288562 0.010189054726368153 0.431144278606965 
0.41596019900497516 0.009870646766169146 0.11898507462686567 0.03669651741293534 0.4184875621890548 
0.07842786069651744 0.026009950248756235 0.04449751243781096 0.5238208955223884 0.32724378109452723 
0.5023283582089552 0.1657114427860697 0.12736318407960195 0.06081592039800993 0.14378109452736332 
0.11599999999999998 0.03934328358208956 0.021253731343283632 0.03884577114427862 0.7845572139303482 
0.013810945273631837 0.4826268656716419 0.4153631840796021 0.07261691542288559 0.0155820895522388 
0.2314825870646766 0.17134328358208947 0.21458706467661678 0.19387064676616916 0.18871641791044777 
0.02543283582089552 0.01800995024875621 0.10626865671641789 0.288 0.5622885572139303 
0.01862686567164179 0.016398009950248753 0.13074626865671657 0.03420895522388061 0.8000199004975126 
0.27076616915422874 0.46915422885572133 0.1656915422885572 0.06115422885572141 0.03323383084577116 
0.05834825870646765 0.09685572139303479 0.22734328358208952 0.4605174129353236 0.15693532338308455 
0.012975124378109451 0.052776119402985086 0.796676616915423 0.12159203980099502 0.015980099502487563 
0.01265671641791044 0.035920398009950255 0.06694527363184079 0.5330348258706461 0.3514427860696517 
0.1703681592039801 0.07132338308457713 0.3273432835820895 0.4127960199004974 0.01816915422885572 
0.008835820895522383 0.32634825870646766 0.005671641791044766 0.644597014925373 0.014547263681592038 
0.009711442786069648 0.6943084577114432 0.14392039800995024 0.1479601990049751 0.00409950248756218 
0.06031840796019895 0.06993034825870643 0.010985074626865671 0.8394825870646766 0.019283582089552245 
0.009850746268656717 0.6984278606965172 0.013253731343283576 0.25844776119402957 0.020019900497512434 
0.1469651741293533 0.3151442786069654 0.07114427860696516 0.4616716417910449 0.005074626865671631 
0.5922587064676619 0.05745273631840794 0.3148656716417914 0.021572139303482583 0.013850746268656703 
0.6846567164179107 0.02312437810945276 0.13986069651741298 0.0256318407960199 0.12672636815920402 
0.17916417910447766 0.2261492537313433 0.5749850746268653 0.01534328358208955 0.004358208955223872 
0.19976119402985076 0.08083582089552238 0.010328358208955226 0.3757213930348259 0.3333532338308458 
0.12129353233830845 0.010567164179104471 0.20216915422885573 0.4341094527363183 0.2318606965174129 
0.45416915422885573 0.008975124378109444 0.22871641791044778 0.02065671641791045 0.2874825870646766 
0.01812935323383084 0.020278606965174112 0.5372736318407955 0.34853731343283584 0.0757810945273632 
0.18133333333333332 0.1848159203980099 0.47717412935323394 0.1311840796019901 0.02549253731343286 
0.2507462686567165 0.008616915422885571 0.0070845771144278525 0.6181890547263682 0.11536318407960197 
0.2709651741293531 0.1874029850746269 0.015104477611940292 0.00999004975124378 0.5165373134328355 
0.054805970149253744 0.4992437810945276 0.33361194029850744 0.043044776119403015 0.06929353233830848 
0.3257512437810945 0.06290547263681594 0.5234626865671642 0.03623880597014926 0.05164179104477609 
0.23492537313432837 0.018766169154228855 0.6452736318407957 0.020477611940298533 0.08055721393034825 
0.01818905472636815 0.011840796019900497 0.00417910447761193 0.958089552238806 0.007701492537313428 
0.01154228855721392 0.00895522388059701 0.0269452736318408 0.7908855721393035 0.1616716417910447 
0.03799004975124378 0.02204975124378111 0.0058308457711442755 0.06921393034825872 0.864915422885572 
0.09406965174129356 0.025353233830845805 0.04278606965174131 0.03190049751243782 0.805890547263682 
0.3324179104477613 0.09707462686567166 0.04061691542288556 0.49970149253731333 0.030189054726368153 
0.04248756218905472 0.2578706467661691 0.043164179104477604 0.3430248756218905 0.3134527363184078 
0.025731343283582085 0.021990049751243777 0.028378109452736385 0.1872238805970149 0.7366766169154227 
0.05550248756218907 0.09408955223880593 0.7188457711442786 0.08581094527363187 0.0457512437810945 
0.39476616915422874 0.00616915422885572 0.12403980099502489 0.4328358208955225 0.04218905472636817 
0.394268656716418 0.09393034825870647 0.08513432835820894 0.08541293532338312 0.3412537313432835 
0.15986069651741303 0.07178109452736318 0.05568159203980101 0.02718407960199003 0.6854925373134325 
0.23814925373134327 0.042029850746268665 0.669014925373134 0.01651741293532338 0.03428855721393037 
0.022507462686567146 0.10270646766169154 0.3869452736318408 0.4809552238805969 0.006885572139303475 
0.07522388059701496 0.1773134328358209 0.6451144278606961 0.09389054726368162 0.008457711442786066 
0.03918407960199004 0.31771144278606955 0.5709452736318408 0.06696517412935324 0.005194029850746259 
0.017830845771144275 0.24427860696517406 0.015422885572139302 0.4282388059701492 0.29422885572139296 
0.4269651741293533 0.010248756218905461 0.0827661691542288 0.4179104477611941 0.062109452736318446 
0.06425870646766166 0.11369154228855717 0.1284577114427861 0.6144278606965172 0.07916417910447762 
0.019562189054726363 0.10252736318407964 0.5672039800995026 0.2853333333333332 0.02537313432835821 
0.543044776119403 0.15864676616915424 0.10869651741293533 0.038666666666666676 0.15094527363184082 
0.2789850746268657 0.09345273631840792 0.09856716417910447 0.05858706467661689 0.470407960199005 
0.13279601990049758 0.19299502487562184 0.34843781094527365 0.2204179104477612 0.10535323383084576 
0.034666666666666686 0.07321393034825868 0.1394228855721393 0.13036815920398007 0.622328358208955 
0.022328358208955238 0.26296517412935316 0.30853731343283575 0.39802985074626884 0.008139303482587061 
0.01036815920398009 0.5008159203980097 0.16638805970149254 0.009194029850746264 0.3132338308457711 
0.8265870646766167 0.08593034825870646 0.007203980099502477 0.016318407960199014 0.06396019900497517 
0.23546268656716415 0.052597014925373144 0.10563184079601992 0.36103482587064656 0.24527363184079592 
0.5101492537313439 0.009791044776119395 0.06159203980099504 0.13603980099502488 0.2824278606965173 
0.30545273631840825 0.02670646766169154 0.06065671641791044 0.5501492537313434 0.05703482587064677 
0.014268656716417909 0.6756815920398007 0.12151243781094526 0.12173134328358215 0.06680597014925377 
0.0799203980099502 0.052855721393034835 0.1242786069651741 0.02664676616915422 0.716298507462687 
0.1778507462686567 0.024517412935323387 0.14547263681592043 0.5461492537313433 0.1060099502487562 
0.8586467661691546 0.0661293532338308 0.009651741293532341 0.012278606965174134 0.05329353233830844 
0.06149253731343282 0.44316417910447775 0.397910447761194 0.0715621890547264 0.025870646766169157 
0.3808756218905473 0.3255522388059702 0.0100497512437811 0.2360995024875622 0.04742288557213929 
0.33709452736318396 0.49600000000000016 0.06517412935323383 0.05506467661691542 0.04666666666666664 
0.057651741293532316 0.027044776119402994 0.5629850746268655 0.08853731343283582 0.26378109452736315 
0.07012935323383082 0.3789253731343284 0.20714427860696516 0.014149253731343292 0.32965174129353236 
0.21840796019900494 0.05701492537313433 0.2817910447761194 0.18079601990049748 0.2619900497512435 
0.140995024875622 0.048497512437810926 0.36202985074626853 0.37781094527363174 0.0706666666666666 
0.10487562189054725 0.04103482587064677 0.005711442786069649 0.4263880597014926 0.42199004975124366 
0.20268656716417902 0.3369154228855721 0.040756218905472624 0.0877810945273632 0.331860696517413 
0.29263681592039803 0.4790447761194027 0.015343283582089542 0.010706467661691534 0.20226865671641792 
0.10065671641791045 0.030268656716417902 0.010606965174129354 0.41050746268656696 0.44796019900497525 
0.4690746268656716 0.2821492537313431 0.013034825870646758 0.08593034825870643 0.1498109452736319 
0.7823283582089549 0.010189054726368156 0.05044776119402984 0.09976119402985079 0.057273631840796015 
0.08033830845771145 0.012139303482587056 0.25243781094527373 0.4280796019900495 0.2270049751243781 
0.3351840796019899 0.36035820895522386 0.007323383084577103 0.059601990049751266 0.23753233830845766 
0.007243781094527351 0.2727761194029852 0.35235820895522374 0.1234228855721393 0.2441990049751244 
0.36857711442786095 0.034686567164179116 0.43070646766169135 0.08728358208955227 0.07874626865671638 
0.060477611940298506 0.736 0.1270845771144278 0.06889552238805967 0.007542288557213923 
0.01607960199004975 0.4418507462686568 0.01988059701492539 0.5007164179104477 0.021472636815920397 
0.01343283582089552 0.034089552238805956 0.12833830845771144 0.782228855721393 0.04191044776119404 
0.018567164179104475 0.619462686567164 0.2736119402985074 0.011383084577114426 0.07697512437810942 
0.039621890547263755 0.008975124378109453 0.2751044776119402 0.43508457711442766 0.24121393034825875 
0.022965174129353248 0.21444776119402983 0.6138706467661695 0.03383084577114428 0.11488557213930349 
0.35830845771144254 0.1259900497512438 0.19004975124378098 0.01309452736318407 0.3125572139303483 
0.05934328358208952 0.602547263681592 0.00929353233830845 0.2628059701492538 0.0660099502487562 
0.06815920398009946 0.8027462686567164 0.06963184079601986 0.022786069651741302 0.03667661691542288 
0.06310447761194031 0.4736915422885572 0.1619104477611939 0.16873631840796027 0.13255721393034828 
0.4967164179104477 0.10610945273631839 0.02567164179104481 0.3486965174129353 0.022805970149253726 
0.03986069651741294 0.017990049751243763 0.36614925373134327 0.3811343283582088 0.19486567164179103 
0.040358208955223865 0.12873631840796013 0.004855721393034805 0.03194029850746269 0.7941094527363183 
0.1235422885572138 0.40308457711442797 0.01918407960199004 0.19249751243781113 0.26169154228855723 
0.1992437810945273 0.26997014925373136 0.14537313432835824 0.34413930348258687 0.04127363184079602 
0.6536517412935321 0.017771144278606977 0.05860696517412936 0.04195024875621892 0.22801990049751236 
0.3293930348258705 0.25273631840796035 0.2149452736318408 0.03436815920398011 0.1685572139303482 
0.27775124378109445 0.2729751243781096 0.12511442786069651 0.30610945273631845 0.0180497512437811 
0.12055721393034824 0.14045771144278618 0.6571144278606964 0.02577114427860697 0.056099502487562194 
0.12033830845771139 0.010945273631840793 0.032019900497512445 0.006129353233830847 0.8305671641791043 
0.3210348258706467 0.011781094527363187 0.27852736318407967 0.02356218905472636 0.3650945273631841 
0.09474626865671637 0.032776119402985075 0.007283582089552234 0.008895522388059697 0.856298507462687 
0.1408756218905471 0.738766169154229 0.04103482587064678 0.06933333333333333 0.00999004975124378 
0.0503681592039801 0.4328358208955224 0.014825870646766173 0.19629850746268654 0.30567164179104467 
0.119363184079602 0.36867661691542286 0.11359203980099503 0.010328358208955222 0.3880398009950248 
0.2350646766169155 0.6038805970149251 0.020199004975124394 0.12491542288557214 0.015940298507462692 
0.06571144278606962 0.016417910447761187 0.45631840796019885 0.05281592039800998 0.4087363184079603 
0.7242388059701493 0.005870646766169143 0.11006965174129346 0.12927363184079607 0.03054726368159206 
0.0542487562189055 0.16662686567164173 0.01124378109452737 0.014368159203980097 0.7535124378109457 
0.4882587064676619 0.3844378109452737 0.05639800995024879 0.0337313432835821 0.037174129353233824 
0.15574129353233832 0.24786069651741297 0.13182089552238807 0.44280597014925377 0.021771144278606967 
0.2523781094527362 0.24232835820895524 0.06095522388059702 0.40443781094527353 0.03990049751243783 
0.3784676616915422 0.12567164179104476 0.07100497512437814 0.016139303482587058 0.4087164179104478 
0.13496517412935322 0.03052736318407965 0.05064676616915425 0.5759402985074622 0.20792039800995027 
0.0821293532338308 0.022805970149253715 0.13217910447761191 0.5558407960199002 0.20704477611940297 
0.17251741293532338 0.1551044776119403 0.13192039800995023 0.08949253731343285 0.450965174129353 
0.006527363184079593 0.2553233830845772 0.1161393034825871 0.007363184079601987 0.6146467661691544 
0.006467661691542289 0.02145273631840796 0.2568159203980099 0.1914626865671642 0.5238009950248758 
0.011582089552238802 0.011820895522388053 0.010129353233830851 0.9632238805970148 0.003243781094527357 
0.1540696517412935 0.029114427860696516 0.7307462686567164 0.03152238805970152 0.05454726368159204 
0.03160199004975123 0.25124378109452733 0.4812537313432837 0.09106467661691546 0.14483582089552247 
0.08350248756218905 0.054407960199004984 0.028676616915422882 0.32798009950248785 0.5054328358208953 
0.25464676616915427 0.0421492537313433 0.08292537313432836 0.02551243781094527 0.5947661691542286 
0.18925373134328358 0.01687562189054725 0.09315422885572135 0.13008955223880597 0.5706268656716417 
0.2321990049751244 0.545034825870647 0.03723383084577115 0.00762189054726368 0.1779104477611941 
0.1750049751243781 0.10163184079601985 0.15052736318407967 0.051960199004975165 0.5208756218905477 
0.08901492537313434 0.5911044776119405 0.14095522388059706 0.1044378109452736 0.07448756218905472 
0.11188059701492536 0.03964179104477614 0.01601990049751243 0.4600796019900496 0.37237810945273636 
0.008039800995024871 0.9420696517412938 0.011880597014925377 0.02803980099502488 0.009970149253731346 
0.005771144278606952 0.46664676616915435 0.1260497512437811 0.23088557213930336 0.1706467661691542 
0.10811940298507462 0.12429850746268656 0.497412935323383 0.2566567164179104 0.013512437810945275 
0.0459502487562189 0.3559203980099502 0.13464676616915416 0.45387064676616895 0.009611940298507453 
0.12151243781094523 0.3426467661691542 0.09060696517412929 0.2079601990049751 0.23727363184079597 
0.6498706467661692 0.05615920398009953 0.18049751243781093 0.09265671641791041 0.020815920398009946 
0.18979104477611938 0.010069651741293529 0.24419900497512445 0.2826069651741293 0.27333333333333326 
0.4572139303482586 0.07536318407960199 0.0659502487562189 0.35385074626865665 0.04762189054726368 
0.5123184079601992 0.25898507462686554 0.13166169154228854 0.07779104477611938 0.019243781094527356 
0.029611940298507486 0.7757412935323383 0.17665671641791048 0.010805970149253727 0.00718407960199004 
0.35480597014925386 0.12107462686567166 0.30129353233830863 0.09671641791044774 0.12610945273631846 
0.051880597014925395 0.34957213930348247 0.13269651741293528 0.42417910447761187 0.04167164179104474 
0.1536716417910447 0.1131741293532338 0.011522388059701495 0.33741293532338323 0.3842189054726368 
0.23217910447761198 0.3690945273631842 0.030069651741293536 0.1982288557213931 0.17042786069651747 
0.021034825870646773 0.0981293532338308 0.7764577114427861 0.09395024875621891 0.010427860696517417 
0.3276019900497512 0.011940298507462681 0.0913830845771144 0.01295522388059702 0.556119402985075 
0.027820895522388086 0.04081592039800995 0.011482587064676612 0.2463482587064677 0.6735323383084577 
0.412398009950249 0.04929353233830846 0.32674626865671647 0.013472636815920386 0.1980895522388061 
0.20612935323383083 0.0157412935323383 0.26881592039800983 0.23783084577114427 0.2714825870646766 
0.029592039800995028 0.017373134328358207 0.0032238805970149207 0.9434427860696519 0.00636815920398009 
0.007124378109452727 0.09199999999999994 0.42933333333333334 0.4656318407960199 0.0059104477611940254 
0.021373134328358218 0.006049751243781083 0.10228855721393032 0.1957611940298508 0.6745273631840799 
0.11391044776119404 0.12501492537313427 0.5578905472636816 0.07205970149253732 0.13112437810945274 
0.2562587064676617 0.02314427860696517 0.4151243781094526 0.1256517412935324 0.17982089552238809 
0.00923383084577114 0.07068656716417912 0.1881194029850746 0.7251144278606965 0.0068457711442785965 
0.0235223880597015 0.3145074626865671 0.19442786069651738 0.3227860696517411 0.14475621890547263 
0.08481592039800993 0.4128756218905471 0.009452736318407956 0.4870049751243781 0.005850746268656706 
0.7552835820895522 0.017592039800995038 0.04857711442786068 0.11580099502487563 0.06274626865671644 
0.16189054726368166 0.5699900497512441 0.2089154228855722 0.006547263681592034 0.05265671641791046 
0.20376119402985068 0.023661691542288546 0.38628855721393035 0.025412935323383113 0.3608756218905472 
0.1962786069651741 0.011502487562189048 0.13655721393034825 0.05643781094527361 0.5992238805970147 
0.018029850746268655 0.046149253731343286 0.4027462686567165 0.03347263681592039 0.49960199004975087 
0.2640199004975124 0.4334527363184078 0.010805970149253717 0.0974726368159204 0.19424875621890553 
0.30264676616915437 0.12612935323383084 0.23267661691542268 0.05568159203980097 0.2828656716417909 
0.6435820895522391 0.2610348258706468 0.036577114427860706 0.04788059701492541 0.01092537313432835 
0.6687164179104479 0.22077611940298517 0.0686965174129353 0.031303482587064765 0.010507462686567166 
0.07389054726368151 0.09870646766169155 0.24915422885572125 0.34489552238805976 0.23335323383084572 
0.10807960199004973 0.021870646766169163 0.6366965174129355 0.21655721393034827 0.016796019900497505 
0.32346268656716426 0.024577114427860706 0.011900497512437807 0.2160597014925373 0.42400000000000004 
0.7611741293532345 0.12113432835820893 0.012855721393034834 0.02899502487562191 0.07584079601990049 
0.07313432835820893 0.4933134328358209 0.01671641791044775 0.04945273631840801 0.3673830845771143 
0.14971144278606963 0.02823880597014925 0.587940298507463 0.20057711442786072 0.033532338308457706 
0.0036616915422885525 0.1823681592039802 0.02943283582089554 0.01024875621890547 0.7742885572139305 
0.09504477611940303 0.2874626865671641 0.2606965174129354 0.03540298507462687 0.3213930348258707 
0.04708457711442789 0.06183084577114428 0.09502487562189053 0.22555223880597017 0.5705074626865672 
0.020855721393034835 0.8444975124378112 0.02109452736318408 0.07243781094527367 0.0411144278606965 
0.022825870646766163 0.019004975124378105 0.5765174129353235 0.37466666666666676 0.006985074626865666 
0.5506268656716417 0.08193034825870651 0.10509452736318409 0.23190049751243783 0.03044776119402985 
0.006487562189054719 0.5003383084577115 0.318507462686567 0.02322388059701495 0.15144278606965172 
0.020955223880597017 0.08859701492537311 0.021930348258706454 0.4031243781094527 0.4653930348258705 
0.12123383084577113 0.13799004975124388 0.593154228855721 0.03940298507462686 0.1082189054726368 
0.2817711442786069 0.1998009950248756 0.2544676616915425 0.11383084577114429 0.15012935323383084 
0.19412935323383085 0.020039800995024892 0.33576119402985066 0.24595024875621882 0.20411940298507467 
0.013791044776119404 0.35980099502487567 0.4568756218905471 0.009452736318407958 0.1600796019900498 
0.4891343283582088 0.023741293532338323 0.011084577114427858 0.11196019900497511 0.3640796019900497 
0.0208955223880597 0.32813930348258696 0.004676616915422875 0.44796019900497513 0.19832835820895528 
0.06471641791044776 0.03540298507462685 0.024218905472636814 0.6830447761194028 0.19261691542288556 
0.09655721393034829 0.1781691542288557 0.6680199004975124 0.04157213930348257 0.015681592039800997 
0.04559203980099502 0.18712437810945265 0.5160597014925372 0.08760199004975125 0.16362189054726373 
0.026407960199004984 0.02200995024875626 0.049970149253731305 0.6654328358208959 0.23617910447761198 
0.7846368159203978 0.055363184079601994 0.019582089552238814 0.00853731343283582 0.1318805970149255 
0.16903482587064672 0.4759800995024874 0.09806965174129356 0.24067661691542297 0.016238805970149255 
0.5921194029850745 0.16431840796019898 0.1080995024875622 0.06861691542288556 0.06684577114427862 
0.9330149253731339 0.012835820895522387 0.029213930348258713 0.012636815920398005 0.012298507462686568 
0.018208955223880587 0.009373134328358203 0.59379104477612 0.0288955223880597 0.34973134328358213 
0.030527363184079587 0.5171542288557215 0.11468656716417909 0.321691542288557 0.015940298507462695 
0.01086567164179104 0.100955223880597 0.006368159203980102 0.011462686567164175 0.8703482587064676 
0.006268656716417903 0.011880597014925361 0.2873432835820895 0.09357213930348257 0.6009353233830848 
0.3711243781094528 0.1577711442786069 0.34401990049751235 0.11872636815920398 0.00835820895522388 
0.11986069651741296 0.03138308457711444 0.5192437810945276 0.04007960199004976 0.2894328358208954 
0.006646766169154222 0.13633830845771144 0.09259701492537306 0.6924776119402982 0.0719402985074627 
0.4070646766169155 0.07822885572139307 0.3409154228855722 0.08449751243781099 0.08929353233830842 
0.6924378109452738 0.04790049751243785 0.05820895522388064 0.02612935323383084 0.17532338308457715 
0.4414129353233831 0.08083582089552238 0.17759203980099492 0.2821691542288558 0.017990049751243773 
0.006208955223880588 0.04202985074626864 0.3434228855721394 0.00841791044776118 0.5999203980099505 
0.01689552238805969 0.08895522388059708 0.163004975124378 0.011004975124378114 0.7201393034825868 
0.5352437810945273 0.031442786069651764 0.38581094527363197 0.026587064676616937 0.020915422885572143 
0.004278606965174123 0.03605970149253731 0.2758009950248756 0.03625870646766169 0.6476019900497512 
0.8437213930348259 0.004457711442786054 0.017572139303482587 0.12131343283582083 0.012935323383084577 
0.12666666666666668 0.39924378109452724 0.013810945273631836 0.01645771144278607 0.4438208955223881 
0.5836019900497514 0.09096517412935326 0.008079601990049742 0.042507462686567216 0.2748457711442789 
0.07888557213930347 0.024079601990049753 0.2207363184079602 0.5771144278606966 0.09918407960199005 
0.019064676616915428 0.652 0.023880597014925377 0.22513432835820896 0.07992039800995021 
0.11428855721393036 0.2518407960199007 0.03098507462686566 0.5732139303482588 0.029671641791044773 
0.33894527363184074 0.026268656716417902 0.14642786069651742 0.21538308457711444 0.2729751243781094 
0.1540298507462686 0.04429850746268655 0.003641791044776116 0.7794427860696517 0.01858706467661691 
0.8320597014925375 0.03456716417910449 0.011184079601990048 0.01844776119402985 0.10374129353233828 
0.7940497512437815 0.1634825870646765 0.002825870646766168 0.013333333333333334 0.026308457711442825 
0.09727363184079607 0.5115024875621892 0.017452736318407956 0.027681592039801 0.3460895522388063 
0.4558805970149254 0.05524378109452734 0.27297512437810956 0.15002985074626873 0.0658706467661691 
0.03797014925373134 0.5481194029850746 0.18965174129353232 0.014427860696517412 0.20983084577114422 
0.36258706467661683 0.28694527363184097 0.008079601990049742 0.05331343283582096 0.28907462686567154 
0.5281194029850752 0.18007960199004977 0.08264676616915423 0.19568159203980096 0.013472636815920395 
0.01655721393034826 0.4069452736318408 0.02658706467661692 0.09400995024875619 0.4559004975124378 
0.006965174129353232 0.08224875621890551 0.053233830845771116 0.010427860696517403 0.8471243781094525 
0.5684776119402981 0.04308457711442788 0.30079601990049737 0.06873631840796017 0.01890547263681591 
0.024855721393034824 0.13323383084577115 0.42517412935323384 0.19822885572139307 0.2185074626865672 
0.37598009950248756 0.011482587064676615 0.25761194029850765 0.006029850746268644 0.3488955223880596 
0.03793034825870648 0.06764179104477613 0.014686567164179107 0.16441791044776113 0.7153233830845771 
0.01866666666666667 0.19002985074626877 0.02260696517412935 0.05315422885572139 0.7155422885572138 
0.18121393034825872 0.596318407960199 0.11217910447761198 0.0986268656716418 0.01166169154228856 
0.2428258706467662 0.43450746268656737 0.23241791044776122 0.025930348258706482 0.06431840796019896 
0.020338308457711434 0.30236815920397997 0.12507462686567167 0.183363184079602 0.3688557213930349 
0.09894527363184076 0.7524975124378112 0.09986069651741289 0.012915422885572134 0.03578109452736319 
0.028955223880597004 0.21962189054726378 0.057273631840796015 0.5739104477611943 0.1202388059701493 
0.39008955223880615 0.013791044776119398 0.17150248756218897 0.047601990049751276 0.3770149253731342 
0.07982089552238807 0.13528358208955227 0.1666069651741292 0.019024875621890536 0.5992636815920398 
0.6850547263681583 0.026268656716417906 0.011164179104477607 0.2202587064676617 0.05725373134328358 
0.013213930348258705 0.22051741293532348 0.4439402985074627 0.12772139303482588 0.19460696517412943 
0.018467661691542285 0.004636815920397997 0.9092935323383088 0.05166169154228856 0.01594029850746268 
0.2231840796019901 0.42228855721393044 0.01486567164179104 0.044318407960199 0.29534328358208944 
0.01832835820895523 0.9208557213930348 0.003641791044776113 0.006527363184079597 0.05064676616915424 
0.45998009950248764 0.13096517412935324 0.3932139303482589 0.007601990049751237 0.008238805970149247 
0.3394825870646768 0.025850746268656723 0.5066467661691537 0.009492537313432829 0.11852736318407958 
0.4104477611940297 0.03227860696517417 0.016119402985074617 0.40316417910447755 0.13799004975124388 
0.2242985074626866 0.1861890547263682 0.06881592039800993 0.3199601990049753 0.20073631840796008 
0.12581094527363187 0.22680597014925372 0.020855721393034838 0.6200796019900493 0.0064477611940298414 
0.03864676616915423 0.6419502487562192 0.15838805970149258 0.006029850746268654 0.15498507462686567 
0.6528557213930347 0.14467661691542286 0.14762189054726366 0.03785074626865673 0.01699502487562187 
0.09122388059701486 0.512756218905473 0.013154228855721388 0.009014925373134322 0.37385074626865666 
0.132955223880597 0.229273631840796 0.01311442786069652 0.6194626865671642 0.005194029850746251 
0.535681592039801 0.03890547263681592 0.016636815920398004 0.01950248756218905 0.3892736318407957 
0.06489552238805968 0.784955223880597 0.014149253731343282 0.014885572139303482 0.12111442786069648 
0.0786268656716418 0.016616915422885584 0.3979303482587063 0.2348855721393035 0.27194029850746254 
0.009273631840796019 0.3261094527363184 0.03554228855721392 0.6256119402985066 0.0034626865671641715 
0.25110447761194027 0.0661890547263682 0.01140298507462686 0.6364776119402981 0.03482587064676616 
0.014845771144278607 0.36921393034825845 0.5394427860696515 0.029611940298507465 0.046885572139303486 
0.9611343283582094 0.019800995024875635 0.005950248756218899 0.007502487562189056 0.0056119402985074585 
0.7023681592039803 0.008039800995024871 0.014825870646766173 0.08344278606965175 0.1913233830845771 
0.2766766169154229 0.23470646766169145 0.3014925373134327 0.08326368159203977 0.1038606965174129 
0.15291542288557222 0.014825870646766173 0.19289552238805963 0.008159203980099491 0.6312039800995025 
0.4724975124378109 0.006945273631840789 0.07068656716417905 0.44135323383084574 0.008517412935323375 
0.29136318407960193 0.2859701492537315 0.051044776119403 0.35102487562189066 0.020597014925373136 
0.6933930348258706 0.009253731343283582 0.1486965174129353 0.06630845771144286 0.08234825870646763 
0.11251741293532339 0.0471442786069652 0.10758208955223886 0.4141691542288558 0.31858706467661685 
0.024278606965174147 0.4689950248756217 0.44664676616915416 0.05024875621890548 0.009830845771144278 
0.26748258706467654 0.6686766169154236 0.036199004975124405 0.014507462686567161 0.013134328358208946 
0.28738308457711453 0.020975124378109444 0.007124378109452728 0.6171741293532337 0.06734328358208953 
0.4183283582089551 0.008139303482587063 0.33719402985074615 0.11627860696517413 0.12005970149253736 
0.010288557213930342 0.2631442786069654 0.15715422885572142 0.5213532338308455 0.04805970149253731 
0.7721592039800995 0.008815920398009951 0.023621890547263682 0.07084577114427855 0.12455721393034827 
0.10423880597014921 0.6391641791044779 0.01432835820895522 0.012975124378109442 0.22929353233830832 
0.03594029850746269 0.096318407960199 0.006248756218905463 0.0761990049751243 0.7852935323383083 
0.009213930348258698 0.01679601990049751 0.5098507462686565 0.047144278606965184 0.4169950248756215 
0.015343283582089551 0.03170149253731342 0.16559203980099507 0.7850149253731342 0.0023482587064676637 
0.2560199004975123 0.6153432835820898 0.09170149253731338 0.017094527363184068 0.019840796019900492 
0.16270646766169147 0.01070646766169154 0.015621890547263682 0.8020099502487562 0.00895522388059702 
0.8489950248756216 0.040000000000000036 0.01802985074626864 0.018268656716417905 0.07470646766169159 
0.2367960199004976 0.3879402985074625 0.011184079601990051 0.07621890547263686 0.2878606965174131 
0.0587462686567164 0.2683184079601992 0.5394427860696515 0.06905472636815918 0.06443781094527366 
0.03295522388059699 0.010547263681592036 0.02451741293532338 0.029174129353233835 0.9028059701492537 
0.20505472636815927 0.012796019900497502 0.41552238805970154 0.058666666666666645 0.30796019900497534 
0.3005174129353233 0.046129353233830835 0.01572139303482587 0.2541094527363186 0.38352238805970146 
0.07902487562189055 0.43607960199004964 0.12346268656716422 0.20240796019900498 0.15902487562189044 
0.09377114427860692 0.17528358208955233 0.080955223880597 0.4753233830845772 0.1746666666666667 
0.04748258706467664 0.6120398009950244 0.11410945273631846 0.018825870646766184 0.2075422885572139 
0.3192437810945272 0.02971144278606965 0.24011940298507473 0.39496517412935334 0.01596019900497513 
0.4456716417910447 0.007402985074626865 0.39693532338308457 0.04047761194029851 0.10951243781094527 
0.3471840796019902 0.14722388059701486 0.26644776119402974 0.050686567164179144 0.18845771144278614 
0.01112437810945274 0.1087164179104478 0.04157213930348259 0.1622089552238806 0.6763781094527361 
0.017512437810945275 0.6253930348258703 0.01530348258706468 0.08248756218905473 0.25930348258706476 
0.838407960199005 0.02465671641791045 0.10823880597014926 0.02055721393034826 0.008139303482587052 
0.021532338308457723 0.47241791044776127 0.12125373134328356 0.24694527363184057 0.13785074626865665 
0.0721990049751244 0.12157213930348258 0.006965174129353224 0.7877810945273631 0.011482587064676612 
0.010965174129353232 0.1003383084577115 0.01946268656716417 0.3998009950248755 0.4694328358208958 
0.25637810945273637 0.0463482587064677 0.30119402985074617 0.07763184079601995 0.31844776119402973 
0.07408955223880595 0.4910248756218906 0.14760199004975127 0.14312437810945275 0.1441592039800994 
0.021492537313432834 0.04911442786069653 0.6771542288557214 0.16200995024875642 0.09022885572139301 
0.01930348258706469 0.3975124378109451 0.030348258706467676 0.1875223880597014 0.36531343283582096 
0.056398009950248774 0.022029850746268648 0.5635820895522384 0.3494925373134329 0.00849751243781094 
0.012179104477611937 0.3767164179104477 0.15367164179104478 0.3730945273631843 0.08433830845771144 
0.01028855721393034 0.833950248756219 0.008099502487562181 0.025890547263681576 0.12177114427860695 
0.22318407960198994 0.00833830845771144 0.11598009950248755 0.0850746268656716 0.5674228855721392 
0.7681791044776118 0.0117412935323383 0.14589054726368159 0.02608955223880595 0.048099502487562174 
0.16509452736318408 0.012298507462686565 0.08202985074626863 0.7134328358208956 0.027144278606965187 
0.029890547263681583 0.031641791044776116 0.011323383084577109 0.04443781094527364 0.8827064676616917 
0.005910447761194022 0.4175522388059702 0.4915820895522384 0.053253731343283574 0.03170149253731343 
0.03309452736318409 0.15484577114427872 0.35096517412935296 0.07480597014925372 0.3862885572139302 
0.1823482587064677 0.048517412935323384 0.6560995024875621 0.09066666666666671 0.02236815920398009 
0.10109452736318411 0.2165174129353234 0.08103482587064677 0.16929353233830852 0.4320597014925374 
0.009512437810945271 0.7444577114427858 0.04865671641791043 0.020517412935323397 0.17685572139303468 
0.029830845771144282 0.7201194029850746 0.09655721393034826 0.05936318407960199 0.09412935323383087 
0.18612935323383087 0.06640796019900498 0.011621890547263673 0.5076019900497509 0.2282388059701493 
0.4759999999999999 0.11341293532338305 0.09888557213930343 0.2944477611940298 0.017253731343283576 
0.07510447761194029 0.13261691542288553 0.10073631840796024 0.6585472636815923 0.03299502487562189 
0.13112437810945282 0.39112437810945266 0.06153233830845772 0.08228855721393036 0.3339303482587066 
0.0070049751243781025 0.24127363184079595 0.01074626865671642 0.4572139303482586 0.2837611940298508 
0.005850746268656711 0.1575323383084577 0.8036417910447762 0.018388059701492532 0.014587064676616922 
0.6488955223880595 0.019761194029850743 0.07996019900497511 0.07166169154228862 0.17972139303482595 
0.03607960199004976 0.0779303482587065 0.6971542288557214 0.12589054726368143 0.0629452736318408 
0.0419900497512438 0.020636815920398 0.7642587064676608 0.03010945273631844 0.14300497512437815 
0.01146268656716418 0.008915422885572137 0.01594029850746268 0.9488955223880597 0.014786069651741302 
0.029870646766169157 0.35412935323383066 0.23249751243781094 0.25649751243781066 0.1270049751243781 
0.04266666666666669 0.012955223880597007 0.2200597014925373 0.3497114427860697 0.3746069651741293 
0.48821890547263685 0.005970149253731333 0.010805970149253729 0.11434825870646767 0.38065671641791027 
0.008139303482587063 0.6886766169154233 0.21689552238805973 0.047860696517412926 0.03842786069651741 
0.03685572139303483 0.37996019900497524 0.05128358208955222 0.4831641791044776 0.0487363184079602 
0.15064676616915423 0.23540298507462684 0.07492537313432836 0.4537910447761195 0.0852338308457711 
0.04011940298507464 0.027721393034825872 0.1613930348258707 0.19020895522388068 0.5805572139303485 
0.05920398009950251 0.08901492537313435 0.8173930348258707 0.007363184079601983 0.02702487562189055 
0.009890547263681592 0.39012935323383097 0.061333333333333344 0.33822885572139305 0.2004179104477612 
0.056437810945273614 0.014328358208955222 0.6258507462686573 0.128318407960199 0.17506467661691535 
0.14322388059701488 0.11906467661691546 0.7110646766169155 0.017233830845771143 0.00941293532338308 
0.09408955223880597 0.015761194029850736 0.03156218905472639 0.5772537313432836 0.2813333333333334 
0.053810945273631845 0.02555223880597014 0.03958208955223879 0.8643582089552241 0.016696517412935326 
0.5503880597014925 0.1310248756218905 0.15315422885572127 0.033313432835820916 0.13211940298507474 
0.030905472636815944 0.5916616915422886 0.025134328358208932 0.3170945273631841 0.03520398009950249 
0.010447761194029842 0.462228855721393 0.38652736318407965 0.13446766169154228 0.0063283582089552195 
0.04129353233830848 0.030109452736318394 0.006547263681592035 0.9114626865671639 0.010587064676616902 
0.1723980099502488 0.019442786069651743 0.5010348258706471 0.2864278606965175 0.02069651741293535 
0.13820895522388058 0.0233034825870647 0.521273631840796 0.028597014925373126 0.2886169154228855 
0.09992039800995023 0.5253134328358207 0.12000000000000004 0.008736318407960193 0.24602985074626865 
0.023820895522388055 0.10206965174129352 0.753233830845771 0.06670646766169154 0.054169154228855695 
0.48853731343283585 0.4106069651741295 0.01180099502487562 0.01530348258706467 0.0737512437810945 
0.8295124378109451 0.024975124378109437 0.024199004975124373 0.008119402985074619 0.1131940298507463 
0.02171144278606965 0.3774527363184081 0.12758208955223874 0.15466666666666667 0.31858706467661707 
0.027761194029850795 0.026348258706467686 0.004218905472636808 0.3002388059701493 0.6414328358208955 
0.20626865671641803 0.037014925373134354 0.1489353233830846 0.48061691542288587 0.12716417910447764 
0.029950248756218906 0.051582089552238815 0.031940298507462675 0.5628059701492536 0.32372139303482556 
0.2353034825870648 0.2542885572139303 0.3228258706467661 0.03170149253731344 0.15588059701492527 
0.4738109452736319 0.032019900497512445 0.02029850746268659 0.4610149253731343 0.01285572139303482 
0.0457910447761194 0.07773134328358204 0.38278606965174133 0.40141293532338307 0.0922786069651741 
0.508597014925373 0.010726368159203976 0.1151044776119403 0.01783084577114429 0.34774129353233824 
0.04015920398009949 0.5061890547263682 0.19478606965174136 0.015004975124378105 0.243860696517413 
0.8475621890547264 0.0350049751243781 0.08161194029850748 0.029174129353233828 0.006646766169154222 
0.6211741293532337 0.03138308457711443 0.06079601990049752 0.10332338308457709 0.1833233830845771 
0.14650746268656717 0.04 0.04384079601990051 0.7086169154228855 0.06103482587064681 
0.03446766169154228 0.10171144278606965 0.4308457711442786 0.056417910447761184 0.3765572139303483 
0.0065273631840795975 0.0503681592039801 0.37426865671641807 0.03400995024875624 0.5348258706467661 
0.024099502487562194 0.57518407960199 0.013074626865671634 0.16077611940298506 0.226865671641791 
0.07086567164179104 0.031681592039801004 0.04423880597014923 0.37824875621890564 0.47496517412935346 
0.09958208955223878 0.5304278606965176 0.3234228855721392 0.036716417910447746 0.009850746268656712 
0.5778507462686571 0.024995024875621955 0.09944278606965168 0.12222885572139301 0.17548258706467648 
0.23375124378109446 0.3675223880597016 0.059840796019900486 0.052139303482587065 0.2867462686567163 
0.6733532338308463 0.1769950248756219 0.00937313432835821 0.13442786069651752 0.00585074626865671 
0.021014925373134322 0.029313432835820934 0.009751243781094526 0.21146268656716416 0.7284577114427858 
0.0928955223880597 0.5616517412935322 0.10278606965174131 0.11747263681592035 0.12519402985074626 
0.055383084577114404 0.7659701492537309 0.01092537313432836 0.08372139303482586 0.084 
0.7782686567164183 0.006547263681592034 0.016059701492537302 0.19566169154228852 0.003462686567164176 
0.21773134328358218 0.15247761194029846 0.5357014925373137 0.014925373134328361 0.0791641791044776 
0.11221890547263676 0.16013930348258698 0.27962189054726366 0.05918407960199008 0.3888358208955223 
0.49196019900497506 0.030268656716417933 0.0906666666666667 0.03888557213930349 0.34821890547263684 
0.23558208955223886 0.05727363184079604 0.17860696517412936 0.2354427860696518 0.293094527363184 
0.4518208955223881 0.11486567164179101 0.007064676616915416 0.39836815920397994 0.02788059701492538 
0.22728358208955213 0.044815920398009954 0.03227860696517415 0.6862288557213932 0.009393034825870639 
0.13072636815920405 0.5621890547263675 0.07400995024875619 0.1124975124378109 0.12057711442786077 
0.08593034825870643 0.2723582089552241 0.026547263681592045 0.03122388059701493 0.5839402985074629 
0.023502487562189055 0.4554427860696518 0.006786069651741288 0.42833830845771154 0.08593034825870648 
0.6694129353233826 0.04262686567164181 0.01506467661691543 0.029512437810945306 0.24338308457711452 
0.2442587064676617 0.08668656716417908 0.4962388059701493 0.013850746268656719 0.1589651741293533 
0.006228855721393027 0.2238606965174129 0.48117412935323395 0.01713432835820895 0.2716019900497512 
0.3505273631840795 0.2891343283582088 0.27186069651741285 0.07528358208955216 0.013194029850746268 
0.23824875621890537 0.011880597014925373 0.4318606965174128 0.2544278606965176 0.06358208955223883 
0.015303482587064663 0.09773134328358213 0.1743482587064676 0.5071243781094528 0.2054925373134328 
0.023462686567164173 0.1690547263681592 0.6972139303482586 0.10296517412935319 0.007303482587064663 
