0.11933621368 0.339018045353 0.137223773838 0.362494899417 0.0419270677121 
0.358659692548 0.475712632301 0.104942665022 0.00375689755478 0.0569281125746 
0.351434614137 0.0942358031171 0.0546076285995 0.0698673708074 0.429854583339 
0.107347968401 0.247487660418 0.163489595312 1.61426014362e-05 0.481658633267 
0.12596296696 0.0150552953708 0.083413177617 0.719255116839 0.0563134432131 
0.197432349351 0.284471145032 0.176383440452 0.0245870884057 0.31712597676 
0.447103378003 0.0600370921675 0.0904831284608 0.388569489401 0.0138069119679 
0.147292896195 0.0613018149635 0.00607019873811 0.253580648649 0.531754441455 
0.612215392731 0.0590049283913 0.146765664155 0.0304620616424 0.15155195308 
0.505508008136 0.0196884830478 0.349604608412 0.000181213651499 0.125017686753 
0.0301619069157 0.217766697058 0.000257557395534 0.318632165842 0.433181672789 
0.401267268812 0.0174389591996 0.187085957674 0.006899235623 0.387308578692 
0.275484598304 0.25012448796 0.0806295735159 0.387540130342 0.00622120987804 
0.0520877961205 0.593465295649 0.000840145698518 0.10033021031 0.253276552222 
0.282754678821 0.13844016079 0.228983536417 0.25508479037 0.094736833601 
0.315762363014 0.0177149253813 0.000207194962868 0.526471829006 0.139843687636 
0.104553964451 0.107540205796 0.0826896418294 0.63348870246 0.0717274854637 
0.71806629782 0.00572912164347 0.0725338599351 0.123704600001 0.0799661206009 
0.19128162591 0.423031269361 0.184406551489 0.0323347134417 0.168945839798 
0.0787401976731 0.255516612459 0.0140875189487 0.45778266596 0.193873004959 
0.0662929473455 0.477775027517 0.266698194932 0.00612235583248 0.183111474373 
0.338345720694 0.0187389115887 0.0456696138411 0.516325426553 0.0809203273234 
0.163114741199 0.0223713807308 0.104627257524 0.667879032077 0.0420075884696 
0.0108556514649 0.0129275119745 0.0899422644351 0.721621795606 0.16465277652 
0.0461032824112 0.0659554351632 0.00128636733024 0.0273946157844 0.859260299311 
0.00125484739895 0.196712021904 0.202502126283 0.0740052660158 0.525525738398 
1.90638648879e-06 0.174948064225 0.411678180397 0.241590602551 0.171781246441 
0.0742445380233 0.722442278849 0.0429468400057 0.155355837431 0.00501050569042 
0.0261623017098 0.0386475779334 0.0533202508412 0.0681861841779 0.813683685338 
0.166775425828 0.442294844829 0.0936012598167 0.0179237183657 0.279404751161 
0.357580600521 0.235938835681 0.151707472401 0.00340434569458 0.251368745703 
0.0253387112961 0.0553421472112 0.00267993208981 0.0842422135657 0.832396995837 
0.677843360654 0.0185217720894 0.283860805554 0.00848620533649 0.0112878563656 
0.0159849999612 0.198407392874 0.181846472696 0.333617658566 0.270143475902 
0.637991047965 3.66090451866e-05 0.0214756217901 0.322020188081 0.0184765331183 
0.0950365913491 0.010802731786 0.526892658903 0.0197919449448 0.347476073017 
0.0869943206279 0.117447697923 0.00780346209144 0.745720009929 0.0420345094283 
0.0146476028777 0.174279032202 0.152514370365 0.0770829718244 0.581476022731 
0.219665963137 0.00136815539388 0.0233716588727 0.755473500987 0.000120721609506 
0.112986031562 0.316687281709 0.0937703925456 0.03688994706 0.439666347124 
0.00224744532782 0.0551521434553 0.0767733534178 0.840115480451 0.0257115773481 
0.0376353609069 0.000707372496845 0.015790515148 0.582941835962 0.362924915486 
0.0180895759143 0.445514264943 0.242835448197 0.25094534315 0.0426153677959 
0.409196309268 0.0853874199431 0.0282464896464 0.146283340919 0.330886440223 
0.00118353522035 0.505775393444 0.000806331228538 0.00127095021029 0.490963789897 
0.308000263412 0.228008334197 0.418098429245 0.00537762443899 0.040515348707 
0.0678662322632 0.000801920592294 0.0932698318833 0.00254551052849 0.835516504733 
0.28102937751 0.635963263867 0.0285411597248 0.0016983744115 0.0527678244871 
0.0154003516328 0.00770809751356 0.00337310290994 0.150143826352 0.823374621592 
0.54035395644 0.0155979393893 0.108474480105 0.197400549315 0.138173074751 
0.00126815097382 0.550587369428 0.0277796026281 0.367309810225 0.0530550667455 
0.118616046381 0.0013460192765 0.243971919775 0.345903622074 0.290162392494 
0.103912448965 0.431052405529 0.056699376191 0.0285449909807 0.379790778334 
0.505959432569 0.132735664087 0.0853176441982 0.192475220407 0.0835120387384 
0.00742098057632 0.0791177129713 0.72257894664 0.00516622967513 0.185716130137 
0.24455274731 0.260999929196 0.141731569833 0.0180478090828 0.334667944578 
0.626847865447 0.00011750563558 0.0265740129957 0.0233650092772 0.323095606645 
0.698823691259 0.000307167580286 0.139911866112 0.135821155605 0.0251361194439 
0.000485493855853 0.0141059428558 0.284145845949 0.618769082239 0.0824936351011 
0.0406792441252 0.251712563918 0.230676967859 0.0267027819171 0.450228442181 
0.501504347841 0.261245092252 0.145832872265 0.0903829425417 0.00103474510061 
0.263176866146 0.363764205481 0.0648933722987 0.0652803930736 0.242885163 
0.0783026931443 0.0665282321319 0.076391949637 0.734326969423 0.0444501556642 
0.649917477268 0.00655669542738 0.256969657313 0.00792065763386 0.0786355123583 
0.0417042274737 0.553615353716 0.00848528302438 0.0580071010977 0.338188034689 
0.340404766144 0.0639606596673 0.10747161086 0.371686134186 0.116476829142 
0.0327519233847 0.634129585241 0.0365011891467 0.0292760697866 0.267341232441 
0.418563727937 0.000409914824164 0.108264982212 0.00238877130699 0.47037260372 
0.0267403957251 0.512580317306 0.257644349175 0.0977006188273 0.105334318966 
0.419081788025 0.0084958304053 0.461085801683 0.0332530445409 0.0780835353463 
0.149142601257 0.526496577116 0.206095189434 0.0691904302332 0.0490752019607 
0.0864284623735 0.000662273495616 0.556918168545 0.019816213366 0.33617488222 
0.0226321580748 0.0535178948776 0.00892646916925 0.257533542079 0.657389935799 
0.0028421043692 0.74202656747 0.0324978093579 0.033183470226 0.189450048576 
0.248343254979 0.0320817026315 0.237180843781 0.0484623775055 0.433931821103 
0.163356556729 0.387939477005 0.254210200089 0.113655979775 0.0808377864016 
0.0515490771321 0.0392916007151 0.028672629183 0.348187645783 0.532299047187 
0.00475672486675 0.0255064970177 0.348888235248 0.121800256951 0.499048285916 
0.368615443175 0.276424032801 0.00404987339287 0.138823758817 0.212086891814 
0.253512376184 0.021801754275 0.00659579182829 0.707353949225 0.0107361284871 
0.241505451658 0.0455908433695 0.0156809238221 0.643450261896 0.0537725192545 
0.455344460207 6.48321618547e-05 0.363619365008 0.149558687528 0.0314126550951 
0.0811158316072 0.0613645261408 0.0395943087601 0.020486231857 0.797439101635 
0.671752939864 0.0367040347729 0.222225187417 0.0677392652241 0.00157857272144 
0.14588003944 0.0239378200401 0.731421061193 0.0601331237215 0.0386279556054 
0.0355235552324 0.00444714566163 0.343819685925 0.0566064579532 0.559603155228 
0.278548393326 0.0892861443558 0.0776961837339 0.214866516223 0.339602762362 
0.154041145113 0.0435063490582 0.0496073386129 0.411320721697 0.341524445519 
0.439725223359 0.151472892781 0.356100535344 0.0408781056306 0.0118232428857 
0.292207213839 0.301167057917 0.337527979417 0.0668849675306 0.00221278129722 
0.178459757965 0.346176131449 0.328738203268 0.128166774415 0.0184591329029 
0.0834188565285 0.360468426855 0.00622087452493 0.0593018185488 0.490590023542 
0.233217329497 0.00180608735939 0.0264343639635 0.714333427905 0.0242087912754 
0.0401520884739 0.734543195263 0.0672988215516 0.158004372686 1.52202572624e-06 
0.0926391029685 0.112671806048 0.711673129918 0.0364625366948 0.0465534243703 
0.464497602312 0.298095722219 0.0719679452027 0.164598147687 0.000840582579866 
0.26528261901 0.0323814559324 0.614456196224 1.20226819263e-06 0.0878785265659 
0.303177642876 0.381569687417 0.0412359087559 0.112000776874 0.162015984076 
0.144882208766 0.403878519332 0.275800721792 0.00625435163843 0.169184198472 
0.242982906922 0.343715206451 0.316317984913 0.0676118063669 0.0293720953478 
0.388036671112 0.292127609 0.106301057913 0.196918469526 0.0166161924486 
0.319034820641 0.309436910086 0.0740138946395 0.292423566025 0.00509080860951 
0.0303800027202 0.485613184482 0.0244146200999 0.328125176377 0.131467016321 
0.0107566126722 0.13052581302 0.0652093705173 0.00483481942159 0.788673384369 
0.252902935841 0.068509801122 0.00568078904037 0.0895789282775 0.583327545719 
0.000268682392307 0.445394122556 0.00214595315262 0.406893870546 0.145297371354 
0.00724381918651 0.175872743584 0.408689569107 0.194719316065 0.213474552058 
0.201896706235 0.276064068578 0.0161308088999 0.505604051645 0.000304364641541 
0.434997559871 0.096572011974 0.0907782886644 0.182097080247 0.195555059243 
0.401710821238 0.0223245082418 0.146413955755 0.018433282844 0.411117431921 
0.064422989176 0.0367431062905 0.0213673600223 0.555055046866 0.322411497645 
0.671489474716 0.257162487086 0.033031212429 0.0227067721559 0.0156100536127 
0.251917274212 0.439339921235 0.0186603775858 0.0670440091359 0.223038417832 
0.148163973396 0.0818682104336 0.00126440223623 0.559435838471 0.209267575463 
0.00483112521012 0.782770983662 0.0437237729936 0.00364463031064 0.165029487824 
0.534860080646 0.102411348725 0.00761487691927 0.300071701588 0.0550419921214 
0.16439558518 0.223657858614 0.0245347468823 0.183885325965 0.403526483358 
0.252605997889 0.184947325004 0.487805018619 0.0557747887184 0.0188668697706 
0.000308961271571 0.558720019103 5.98077815659e-05 0.394983497724 0.0459277141192 
0.241211604012 0.247700103416 0.299984070106 0.127509195169 0.0835950272978 
0.439924758974 0.359275026735 0.154885552441 0.00683131760711 0.0390833442426 
0.356911972489 0.14095791235 0.195919539353 0.259832213434 0.0463783623742 
0.166237743888 0.000823899716372 0.554285959724 0.277746032807 0.000906363864656 
0.393561558299 0.145200627299 0.000250634730959 0.206381008974 0.254606170697 
0.0535077850293 0.437094378989 0.103472546285 0.191397847523 0.214527442174 
0.252223531926 0.419531148578 0.243646556487 0.0777979397312 0.00680082327847 
0.00224057749775 0.0392728750571 0.926254936622 0.022183197868 0.0100484129552 
0.200186379074 0.741782891775 0.00313377227419 0.00374074536467 0.0511562115121 
0.749167202259 0.0448182471361 0.141787992949 0.0532947818049 0.0109317758511 
0.467475206091 0.0277800438079 0.362253271909 0.0696948046634 0.0727966735284 
0.483174289946 0.222302159573 0.0538869565277 0.0140398014597 0.226596792494 
0.0701392618878 0.393461661967 0.0105535213815 0.502056825866 0.0237887288976 
0.0225239904386 0.000663045257267 0.483387664236 0.492433459411 0.000991840657607 
5.83801721058e-06 0.341465368116 0.0621764102794 0.0714738850852 0.524878498502 
0.00494105589323 0.866478241 0.0182889591816 0.0329181122751 0.0773736316504 
0.415079857754 0.00681427747214 0.27402410349 0.116915662279 0.187166099005 
0.162788389145 0.388903903178 0.00563414655078 0.349310861607 0.0933626995192 
0.667672053445 0.0737735496446 0.000189575023808 0.255657698878 0.00270712300784 
0.815257021344 0.00708596311062 0.0204897335399 0.120243676636 0.0369236053688 
0.126283871245 0.0380068755069 0.187661928929 0.627490794621 0.0205565296976 
0.212696017943 0.0161469931593 0.517802382381 0.00843496499201 0.244919641524 
0.223169645409 0.517454947686 0.209624346902 0.0147872428655 0.0349638171369 
0.069860455906 0.646196073237 0.113877156608 0.134872792725 0.035193521524 
0.0203215922717 0.108089166278 0.010205613483 0.0303449913293 0.831038636638 
2.41428891961e-05 0.0208919048957 0.0874067717452 0.469841618775 0.421835561695 
0.0109312559576 0.0742139837083 0.277719052956 0.513298235215 0.123837472163 
0.0571601041521 0.0964843226499 0.267781216439 0.538148135879 0.04042622088 
0.0131188598851 0.521033331823 0.323034810653 0.0302076849019 0.112605312737 
0.421665888899 0.00912552258891 0.232288042097 0.0858218274803 0.251098718934 
0.455850703368 0.137379967758 0.294603944708 0.10932363427 0.00284174989552 
0.389291430337 0.29056344788 0.00256959524644 0.153613341539 0.163962184997 
0.0238318070468 0.149173941845 0.130454437489 0.594982167817 0.101557645801 
0.218201538456 0.445793496181 0.0618597707888 0.0400628476579 0.234082346916 
0.114124000916 0.26711408578 0.177610152743 0.0559043464348 0.385247414127 
0.00737843427785 0.305338094154 0.469921020702 0.0870695386795 0.130292912186 
0.00694632124696 0.110395854865 0.382792152453 0.246411353396 0.253454318038 
0.682039086358 0.0323372450232 0.00770997486497 0.0142825077574 0.263631185997 
0.554886428697 0.0681104178196 0.0170623583584 0.308606500823 0.0513342943021 
0.497034755496 4.92447612584e-07 0.0471843529562 0.102704867566 0.353075531535 
0.562008291758 0.010367231661 0.0287485611328 0.236043873457 0.162832041991 
0.211932634453 0.167092550283 0.608965908436 0.0100267942724 0.00198211255586 
0.00026044827375 0.178458040824 0.182112770866 0.60566411016 0.0335046298769 
0.539028341364 0.00124577214575 0.00226574087109 0.426721865267 0.0307382803522 
0.178818271457 0.403190573077 0.0264588603109 0.0954954202445 0.296036874911 
0.079450582822 0.484303049778 0.215756421197 0.0239143565698 0.196575589633 
0.222448354178 0.144046695124 0.111453929322 0.000474716564266 0.521576304812 
0.000301535045347 0.360467024246 0.0173332228996 0.0410745034702 0.580823714339 
0.919902363153 0.0101115140047 0.0230700080002 0.0132255189295 0.0336905959124 
0.000343275685717 0.056484205001 0.432040531924 0.0804822962028 0.430649691187 
0.0386328896853 0.579152626049 0.0483952260858 0.00502704327933 0.328792214901 
0.0997956480368 0.618440262645 0.0380598730863 0.052692208021 0.191012008211 
0.721489065274 0.00367402051266 0.0866389335117 0.00208034229277 0.186117638409 
0.549681627435 0.170860683392 0.216699401368 0.0546615797631 0.0080967080414 
0.521742310173 0.00338719132123 0.0869659481529 0.35884269749 0.029061852863 
0.0538852066359 0.663866228981 0.00563024029205 0.0291980978633 0.247420226227 
0.304890001182 0.355670822021 0.0775376868317 0.0011502853079 0.260751204658 
0.232256791482 0.526099659279 0.10951600375 0.00372008261818 0.128407462871 
0.0637590014544 0.0976260640131 0.0870959490859 0.0274033317896 0.724115653657 
0.0773153312479 0.000144918831531 0.886132068745 0.00533424894423 0.0310734322317 
0.585423326588 0.0382408072045 0.191081483399 0.182054481527 0.0031999012812 
0.190497737691 0.0156374880212 0.508152571797 0.000273490278923 0.285438712212 
0.0517190383502 0.0174729578229 0.0227870321958 0.0547366969839 0.853284274647 
0.00271193418936 0.0684563139916 0.485886841428 0.0330178828979 0.409927027493 
0.24590635789 0.00353928500374 0.119916637103 0.53855206136 0.092085658644 
0.0626697103073 0.0171669221461 0.181400338574 0.067966096462 0.67079693251 
0.271992836476 0.0582777731842 0.596131002231 0.035748436411 0.0378499516978 
0.246065426299 0.209705656245 0.205500018255 0.303159483914 0.0355694152872 
0.600339412444 0.00535784766871 0.0448791441099 0.349417514031 6.08174582973e-06 
0.431627658278 0.0723201276284 0.391818520718 0.0753417397147 0.0288919536608 
0.525490980484 0.0472377175393 0.350934752635 0.0625752757898 0.0137612735513 
0.000683500513663 0.0136864901757 0.715042923726 0.190334896472 0.0802521891127 
0.0384835389294 0.273639363601 0.0423421522536 0.277293766347 0.368241178869 
0.537406607471 0.107182227048 0.318504315993 0.0139089870725 0.0229978624147 
0.124307224615 0.00680135294087 0.117691784031 0.744934120329 0.00626551808442 
0.234803313559 0.0752341586281 0.508498024187 0.101719078209 0.0797454254176 
0.00152702567985 0.102199152268 0.849666915975 0.0188620844308 0.0277448216455 
0.354003145545 0.0709839784963 0.0577383669268 0.0188055549324 0.4984689541 
0.0181321388184 0.172995129986 0.489457198428 0.0898855828972 0.22952994987 
0.162179988274 0.398837876322 0.0761616622109 0.0170747398272 0.345745733365 
0.0822838747038 0.00747684825265 0.779466482954 0.0937553586221 0.0370174354677 
0.0342919086636 0.0315881878375 0.0779681259158 0.834245216517 0.021906561066 
0.0408531763609 0.538488832961 0.0196859721613 0.345761374084 0.0552106444331 
0.325138128776 0.000845500297198 0.00305170859243 0.193526505368 0.477438156967 
0.35621360126 0.283720074842 0.2603942705 0.0368780471006 0.0627940062979 
0.0141232279911 0.0358471041757 0.356678544428 0.587893702701 0.0054574207044 
0.388177729919 0.3116539387 0.122790189984 0.130119874757 0.0472582666394 
0.167198974291 0.000135724573959 0.362981894858 0.0295030278426 0.440180378435 
0.442102762399 0.0717939151561 0.370005189888 0.0684926889797 0.0476054435771 
0.657693466404 0.0782219354833 0.191751560143 0.0420574064718 0.0302756314982 
0.0311837245808 0.250356736415 0.103697345612 0.28096127413 0.333800919262 
0.245002241585 0.209802515067 0.0163596322783 0.431875608986 0.096960002083 
0.491389992804 0.0210116258008 9.27958135831e-05 0.205931983531 0.281573602051 
0.0548672911352 0.00610461596121 0.321995064571 0.569256509954 0.0477765183783 
0.467782666726 0.186893376341 0.254964389 0.0813185633484 0.00904100458495 
0.097512779127 0.3789199153 0.295766605591 0.15649461327 0.0713060867121 
0.369963436029 0.00145659587491 0.141399531184 0.480285861704 0.00689457520852 
0.00937265632631 0.410134562532 0.0473230441088 0.294619686883 0.23855005015 
0.150504432243 0.491857770601 0.120082136076 0.0787525011048 0.158803159975 
0.0105349433127 0.105044349291 0.840824180717 0.00165061170526 0.0419459149742 
0.166173892967 0.00641630141861 0.651064811737 0.0315470164426 0.144797977435 
0.597604465795 0.0203746069113 0.0177548738886 0.336091909788 0.0281741436176 
0.28904110533 0.178343461442 0.177789864126 0.347783514592 0.00704205451006 
0.0180725739103 0.124055042967 0.0984946313619 0.713968823944 0.0454089278171 
0.847897870128 0.000288684114444 0.0312412033118 0.0317920821487 0.0887801602974 
0.284664399063 0.164646838632 0.2980265371 0.0408777778722 0.211784447332 
0.197693581515 0.407687429121 0.031893032126 0.211420374915 0.151305582324 
0.253618190003 0.402586968461 0.122207885056 0.160433669262 0.0611532872175 
0.742653350882 0.000687641924129 0.123022293423 0.000116383798253 0.133520329973 
0.0122200583737 0.409592958832 0.011919281771 0.195324907249 0.370942793774 
0.384156446027 0.225194029562 0.0136045814988 0.0211312701523 0.35591367276 
6.1380666952e-05 0.543091214333 0.0385431729652 0.0076490620626 0.410655169973 
0.00778260886351 0.220760652839 0.577080990219 0.000260229450921 0.194115518628 
0.380170101835 0.200407282898 0.227518637709 0.183456998999 0.00844697855891 
0.104571271346 0.124981101131 0.00148606813173 0.69689207277 0.0720694866201 
0.00315387816573 0.296660299298 0.00822033834529 0.303163795698 0.388801688493 
0.102892964124 0.650399315945 0.0854800920994 0.038654111949 0.122573515883 
0.120374292688 0.36306222659 0.10014753625 0.370820048367 0.0455958961053 
0.751342946493 0.0124315461141 0.0728199229941 0.0118679117875 0.151537672611 
0.125953537881 0.0797491796228 0.317575586771 0.273538330737 0.203183364989 
0.027046098765 0.398558179966 0.450428180273 0.0810056359058 0.0429619050899 
0.0021529952325 0.133547141333 0.00587742607786 0.0620475560091 0.796374881348 
0.732949654336 0.119966392699 0.0320007571626 0.0536326560076 0.0614505397946 
0.01265141201 0.497617418095 5.08662400867e-05 0.416239326834 0.0734409768214 
0.0601272543803 0.0572291545321 0.619841908559 0.0135641884941 0.249237494034 
0.129355396545 0.69461843861 0.0273805384065 0.00309353306093 0.145552093378 
0.00709865966834 0.301679552269 0.112432651823 0.574337950858 0.00445118538205 
0.0861662840561 0.765778951868 0.116860679351 0.00940195676996 0.0217921279549 
0.709930834436 0.0312309646417 0.159080384707 0.00527926078289 0.0944785554324 
0.205096793955 0.406072711709 0.24478066912 0.0697394743088 0.0743103509073 
0.164465572544 0.559016213703 0.109966934073 0.116731115262 0.0498201644177 
0.00344535845396 0.921497931028 0.0483366609601 0.0100845411565 0.0166355084013 
0.00285292629192 0.307549103781 0.101696815856 0.27863664792 0.309264506152 
7.59214258013e-05 0.048210969086 0.0978532301076 0.189850265752 0.664009613628 
0.679630619096 0.155582954707 0.057973357861 0.00248147827164 0.104331590064 
0.23059958723 0.100132110547 0.350796160589 0.0133877522166 0.305084389417 
0.0504156379283 0.0702299521369 0.0857495342167 0.0785761438597 0.715028731858 
6.78063816492e-05 0.0131114168254 0.660621031548 0.183994332805 0.142205412441 
0.635871713043 0.000451382099579 2.69278657153e-05 0.0425658682478 0.321084108744 
0.28392380125 0.130350748907 9.728565966e-05 0.0631275463924 0.522500617791 
0.172833105432 0.00639150817317 0.0178877201355 0.596845215566 0.206042450694 
0.00458344301123 0.0598433423407 0.0066694658661 0.642173358329 0.286730390453 
0.0413031001117 0.0162727316986 0.296410135077 0.016218668081 0.629795365031 
0.23979361989 0.105649559633 0.0169998914449 0.501557192231 0.1359997368 
0.192390932982 0.00959729033539 0.552713091118 0.185465203782 0.0598334817824 
0.0071771025784 0.07054413649 0.304008010958 0.0412558688422 0.577014881132 
0.302655911696 0.0132427184941 0.0452919792992 0.638547166589 0.000262223921697 
0.0517569998233 0.109055611805 0.000520595344859 0.459874449404 0.378792343623 
0.0130535112505 0.0457501924177 0.440307074892 0.248748005832 0.252141215608 
0.10556266266 0.161225148154 0.0072609896192 0.354548998135 0.371402201432 
0.108182310251 0.0513720765203 0.173474478054 0.652675168555 0.0142959666196 
0.223057993939 0.204511141832 0.548356948047 9.72601251367e-05 0.0239766560574 
0.336026572926 0.613686249117 0.0352279479544 0.000892539632004 0.0141666903704 
0.151249632255 0.447291555683 0.0581124436427 0.0419459200792 0.301400448339 
0.520739409301 0.245566006246 0.00912653477973 0.158127990002 0.0664400596713 
0.0106627910169 0.232655834496 0.133903446168 0.622757283947 2.06443715295e-05 
0.0146706883314 0.0754261111327 0.0728144152227 0.541872256488 0.295216528825 
0.306571478986 0.332351481547 0.308409661859 0.0459560047642 0.00671137284327 
0.17221473641 0.715329837982 0.091604949146 0.0144496601493 0.00640081631288 
0.163283464638 0.630161118202 0.0550683388913 0.0188304213319 0.132656656937 
0.410419393019 0.0615622515884 0.0292229201605 0.0326431285219 0.46615230671 
0.615345056905 0.0189408942569 0.273008695428 0.00168748080633 0.091017872604 
0.414259333719 0.0212240268655 0.306798818665 0.205012376596 0.0527054441547 
0.309093586581 0.134472315224 0.551961488965 0.00339009491363 0.00108251431703 
0.0328550470562 0.0174506373655 0.183409558454 0.213499906905 0.552784850219 
0.799918465857 0.180806402379 0.0120021536188 0.00154856495785 0.00572441318723 
0.127550183748 0.000478811932575 0.742158438519 0.0555088797524 0.0743036860478 
0.831773498943 0.0234259680688 0.00488761764858 0.0102255202114 0.129687395128 
0.0408199039184 0.360672047398 0.0399212199326 0.558301021048 0.000285807703401 
0.0850674880272 0.0582364850415 0.194850489795 0.411646042974 0.250199494162 
0.424136161503 0.291834807571 0.00331429715601 0.17258326065 0.10813147312 
0.0581185044169 0.336817321189 0.00506992593583 0.547756255436 0.0522379930215 
0.321690911939 0.526020490518 0.0667726433503 0.0652177908703 0.020298163322 
0.1830575355 0.650514263137 0.0416949843464 0.0663044130454 0.0584288039712 
0.0200617545844 0.103982104961 0.425898637158 0.00430157583459 0.445755927462 
0.00267299857209 0.00364426448093 0.0316514633179 0.0489527239775 0.913078549652 
0.00116765870973 0.776471060679 0.111234639309 0.110019214867 0.00110742643594 
0.0464550996534 0.000144677553579 0.0170079551617 0.105708853619 0.830683414013 
0.0937403040965 0.053556100499 0.528999395431 0.191757990161 0.131946209813 
0.544421635675 0.00660082804402 0.0811655488284 0.255715877107 0.112096110346 
0.579550031033 0.0634735275066 0.0105085896626 0.125509996543 0.220957855254 
0.0434488260361 0.564972970878 0.368549991935 0.0148389846236 0.00818922652726 
0.114902307348 0.447139596525 0.0205047835062 0.049358628818 0.368094683803 
1.79148559724e-05 0.199547005277 0.0105654837072 0.127909032838 0.661960563322 
0.00593412062153 0.174111316898 0.0949743846279 0.0198816518436 0.705098526009 
0.460552291058 0.000807510326656 0.250792338517 0.130075494091 0.157772366007 
0.0012773588653 0.211474585398 0.579686484153 0.0646655055119 0.142896066072 
0.0024614791981 0.0270753441382 0.00331999659389 0.0180972976966 0.949045882373 
0.0453533792409 0.0792965498096 0.136411533422 0.738023466726 0.000915070801262 
0.036928273064 0.218965190517 0.554964057417 0.0643491369056 0.124793342096 
0.174258728152 0.0350360125837 3.60622313523e-05 0.267262150551 0.523407046482 
0.0556316661327 0.057026993693 0.34874010496 0.271913917242 0.266687317973 
0.0115325391209 0.438385128088 0.542734700065 0.00364992568011 0.00369770704542 
0.0563417021374 0.148078510119 0.448175986528 0.240181991898 0.107221809317 
0.536722022234 0.1399823601 0.0724224098647 0.0851956576586 0.165677550142 
0.0202873680334 0.252492640311 0.691569376457 0.0192936615551 0.016356953643 
0.0997444898115 0.168755256757 0.0113508221499 0.0195896176351 0.700559813646 
0.0510929251966 0.180484972056 0.235846438288 0.0365344905901 0.496041173869 
0.000329751259767 0.741003531198 0.0571538983931 0.147881659884 0.0536311592652 
0.0167394207764 0.500133432802 0.186312225409 0.281007442051 0.0158074789611 
0.286863029908 0.284493455071 0.297425443522 0.10015048791 0.0310675835895 
0.184004626716 0.0504846488849 0.199327735899 0.56297835745 0.00320463105037 
0.0313365842482 0.168212536595 0.0125224017861 0.00252457983498 0.785403897535 
0.509138929899 0.0241107155292 0.0123818177664 0.000172867108046 0.454195669697 
0.0488942296062 0.00214020839003 0.330116671927 0.611437349049 0.00741154102746 
0.237908687137 0.191637626878 0.0104969398673 0.163434667198 0.39652207892 
8.07333521352e-06 0.0502120292049 0.522485601719 0.323886263453 0.103408032288 
0.00295460129145 0.204777828039 0.0456971274744 0.448967524234 0.297602918962 
0.173193363835 0.35912540034 0.000295351191992 0.138963796351 0.328422088282 
0.011663904412 0.478885750669 0.19655596586 0.00476691968909 0.30812745937 
0.0213980345097 0.115470685281 0.315554096123 0.364568158659 0.183009025427 
0.646020840693 0.0520987751171 0.123558839256 0.0527304604248 0.125591084509 
0.300438286158 0.26090510546 0.376349825569 0.0312747492006 0.0310320336131 
0.0314745159193 0.0209139747066 0.463638227849 0.480072824321 0.00390045720374 
0.0338746512492 0.133453032422 0.676816147179 0.116990438608 0.0388657305414 
0.108001557422 0.0126075940444 0.375815416343 0.111199647214 0.392375784978 
0.513662868789 0.204562377129 0.0487201698573 0.233030602243 2.39819820311e-05 
0.471219421017 0.0582350667233 0.0813584968861 0.0351433158476 0.354043699526 
0.101070660207 0.362692717662 0.332334037487 0.165557650715 0.0383449339279 
0.0711850230607 0.138116454435 0.075454056183 0.092445478356 0.622798987965 
0.574180873821 0.00747685718165 0.00291975257299 0.170887347852 0.244535168572 
0.302819550579 0.364934481602 0.0367628983318 0.00283531120294 0.292647758284 
0.164211469938 0.282538818457 0.168346928996 0.379627575428 0.00527520718026 
0.00633736666331 0.884480543927 0.0390066313858 0.0667306519674 0.00344480605677 
0.487978592627 0.109564755452 0.0236917578381 6.44219627432e-06 0.378758451887 
0.0369257501136 0.310970389385 0.533564215103 0.109487108452 0.00905253694721 
0.310324608992 0.295061814441 0.117221226697 0.0680539049795 0.209338444891 
0.0190973620512 0.0378914615666 0.134541828019 0.0882487085383 0.720220639825 
0.318656719491 0.071175428499 0.606484641978 0.00244053188349 0.00124267814929 
0.243258303843 0.549800354748 0.129202956588 0.0708505139038 0.00688787091753 
0.228125797276 0.243422739976 0.00864901256285 0.284378549538 0.235423900648 
0.11728364046 0.325562440029 0.0191541464371 0.196033440289 0.341966332785 
0.100425369179 0.0431269801484 0.038102234904 0.414455195811 0.403890219958 
0.111797644538 0.0290633683706 0.090506056845 0.136488634803 0.632144295443 
0.0545095625643 0.198339503729 0.290553281632 0.208227477039 0.248370175036 
0.0218998744973 0.0139691009975 0.00773965485315 0.43308328551 0.523308084142 
0.00807990398354 0.609787556491 0.379990460437 6.19740456991e-06 0.00213588168353 
0.241352760813 0.000717803458765 0.521555983774 0.233588666015 0.00278478593931 
0.166391430337 0.465124269541 0.00833365200468 0.0596415612497 0.300509086868 
0.200627794157 0.22033627175 0.298155387268 0.0642969676394 0.216583579186 
0.260078906398 0.0681986692013 0.268573865747 0.16088861135 0.242259947304 
0.243732024892 0.678228137523 9.31161552637e-05 0.00945469015354 0.0684920312769 
0.195172393871 0.0127539306731 0.0649799380555 0.00988415451706 0.717209582883 
0.101689048564 0.00242945382524 0.597028949087 0.297945356245 0.000907192278086 
0.0785877451185 0.135020876218 0.0421331717031 0.158604093637 0.585654113323 
0.0456753339067 0.156224952777 0.000191889807217 0.0897872736681 0.708120549841 
0.23095983794 0.118959836038 0.334868318052 0.143798883663 0.171413124306 
0.150968031575 0.774133171305 0.0525460418447 0.00140972108237 0.0209430341926 
0.881673127902 0.0070454999945 0.0878766648692 0.0108989431542 0.0125057640803 
0.018485435224 0.0633082962224 0.584450295145 0.200468589132 0.133287384276 
0.00587391673828 0.427608372902 0.151460828854 0.16234089962 0.252715981885 
0.000542547307369 0.130502606367 0.000156753018551 0.039721015205 0.829077078102 
0.0885212868895 0.219166356033 0.23987859096 0.349619526806 0.102814239311 
0.805983282961 0.0125536384809 0.142587844786 0.0388371964442 3.80373274961e-05 
0.0455161512709 0.0941399588868 0.138984840345 0.240479624434 0.480879425064 
0.00236926180969 0.442173535825 0.000202936014627 0.43010317605 0.125151090301 
0.361731508686 0.348683676675 0.227900035622 0.00719420907325 0.0544905699439 
0.10710223281 0.451043343528 0.0474959791808 0.0384607664578 0.355897678023 
0.242972974809 0.000404943765763 0.151223893363 0.492084137023 0.11331405104 
0.00457354092749 0.15122956418 0.142018722882 0.222059855834 0.480118316177 
0.0230146114596 0.27024311964 0.308526139383 0.344710856451 0.0535052730667 
0.928401542578 0.0206990653756 0.0235397757019 0.00159146122333 0.025768155121 
0.0462998931861 0.0141529573279 0.00157049401082 0.0651716384965 0.872805016979 
0.0743617839484 0.359794687339 0.449715923218 0.0408952948089 0.0752323106857 
0.247075428917 0.394586124766 0.0895334889392 0.201267939362 0.0675370180161 
0.263378692375 0.175115063916 0.246463388468 0.289530948974 0.0255119062676 
0.0778918430983 0.10406505728 0.0395475240515 0.392923597016 0.385571978554 
0.303887959729 0.0873483832169 0.2108533104 0.239055413199 0.158854933455 
0.000205320436679 0.116201647029 0.356982261136 0.387641509491 0.138969261908 
0.475970366571 0.00293218631419 0.0220719421965 0.423379779204 0.0756457257146 
0.0587363448594 0.636655419533 0.112721986447 0.00381404916038 0.1880722 
0.0534957170705 0.165275266763 0.360436937869 0.219160184059 0.201631894239 
0.0678713888442 0.29266710474 0.396266811362 0.106492601086 0.136702093969 
0.186103326597 0.386848640581 0.185239192509 0.19196574411 0.0498430962028 
0.0409698097808 0.0411267124442 7.76449640421e-05 0.00236293726944 0.915462895542 
0.0360248203773 0.0373438959839 0.0161443752301 0.0700740336824 0.840412874726 
0.00147303131317 0.423098239575 0.0343495486331 0.0876269195273 0.453452260952 
0.0799834574962 0.000520771011401 0.393555316838 0.524824113922 0.00111634073191 
0.623484563408 0.0768950748027 0.00482089951461 0.231967489811 0.062831972464 
0.551297749366 0.0302910376386 0.115313276536 0.0660202001077 0.237077736352 
0.00412415405027 0.523134062875 0.424889794745 0.00332874277738 0.0445232455529 
0.206062113815 0.000361443040611 0.0807400974951 0.367229075772 0.345607269878 
0.188732900427 0.115397092545 0.382780614488 0.000370299211402 0.312719093328 
0.0682092191085 0.114037294655 0.0685553034753 0.52952144133 0.219676741432 
0.00111401845085 0.0278121985013 0.683262044381 0.0187183130918 0.269093425575 
0.403546759023 0.00257342378248 0.406722594933 0.0358784823059 0.151278739956 
0.200313442546 0.568526078991 0.0823969173089 0.127342483488 0.0214210776664 
0.0103700454827 0.00186972231642 0.653188429869 0.158499139118 0.176072663214 
0.0628952736092 0.0745846769341 0.00149512341596 0.698658942327 0.162365983714 
0.756164780976 0.0137028303183 0.00010097309644 0.0777817189641 0.152249696646 
0.680511636502 0.000184067359534 0.00560169023016 7.02756490006e-06 0.313695578343 
0.806843545103 0.00718072669042 0.030653433368 0.000499593009334 0.154822701829 
0.191531682394 0.409196113573 0.00643835801145 0.176446007593 0.216387838429 
0.460885965542 0.265634023709 0.032791443377 0.145747281484 0.0949412858877 
0.102885266557 0.0657162813071 0.0102124426727 0.571552385595 0.249633623868 
0.0227444626749 0.255851894218 0.282833301605 0.39096094864 0.0476093928626 
0.0443864572264 0.0634999533603 0.0183727348906 0.866179408708 0.00756144581461 
0.134215431455 0.561782665579 0.0722504709098 0.229319064904 0.00243236715207 
0.0175227399968 0.0449866129662 0.434744694227 0.00457942496878 0.498166527842 
0.01527925724 0.612749934273 0.240559815089 0.0832147730832 0.0481962203143 
2.59586089647e-05 0.533531757805 0.0189298663397 0.240426046554 0.207086370693 
0.0480943302372 3.52313040257e-05 0.166666978039 0.0320804684619 0.753122991958 
0.0184141391902 0.633947188641 0.0627345593541 0.239458846127 0.0454452666873 
0.00514658494829 0.541838845191 0.0075982414985 0.0341186411637 0.411297687199 
0.579438692271 0.0185562593232 0.00758102005673 0.256237880243 0.138186148106 
0.0256173788353 0.145381598957 0.450290070186 0.377488647452 0.00122230456893 
0.0550815634669 0.00205504941343 0.000682097501837 0.0999441522798 0.842237137338 
0.403630302621 0.00739327664197 0.463050793159 0.107887471987 0.0180381555913 
0.101891009048 0.399557300212 0.252808943982 0.216846395452 0.0288963513063 
0.0252065389321 0.290158159119 0.0729831236405 0.00621012527003 0.605442053038 
0.0001010088106 0.286414429297 0.702254356939 0.00208296291894 0.00914724203469 
0.549954578841 0.058058933164 0.300360860053 0.0248219142748 0.0668037136668 
0.517164047598 8.12232645123e-06 0.166688268537 0.0163270279225 0.299812533616 
0.383368452763 0.445649319762 0.00300756801197 0.129755447181 0.0382192122825 
0.0690603227378 0.0587523208037 0.623996440022 0.236637066369 0.011553850067 
0.0555134320052 0.0223114703142 0.334430450928 0.0550847186202 0.532659928133 
0.376947214257 0.415141821557 0.0300261073476 0.0508337620735 0.127051094765 
0.00165107663017 0.0041901021102 0.839459401965 0.00333811834024 0.151361300954 
0.364872297699 0.0186915111277 0.011969254699 0.509949469222 0.0945174672516 
0.0234729524061 0.510455832159 0.0387576551451 0.0252697301509 0.402043830139 
0.0196460591195 0.00182664117169 0.844402646428 0.130273801159 0.00385085212165 
0.0460044881907 0.000938237644816 0.0154702303677 0.444306371636 0.493280672161 
2.17019270051e-07 0.309966960738 0.588391052189 0.0557964418317 0.0458453282227 
0.492576023409 0.0339058406947 0.0912697892106 0.379794836552 0.00245351013419 
0.487038811666 0.113713543738 0.00244160859812 0.0925127974641 0.304293238534 
0.329184821107 0.169011429523 0.220448856999 0.104448785779 0.176906106592 
0.000175281114144 0.0932494329823 0.786865770606 0.0615524020273 0.0581571132701 
0.382360053037 0.318253314158 0.250571377157 0.0485994398756 0.000215815772464 
0.0270823768658 0.314060044219 0.185090591971 0.190585235952 0.283181750992 
0.111493317085 0.048929175346 0.266461045732 0.535065961307 0.0380505005296 
0.803262266651 0.00870304046447 0.0394555694023 0.130433873398 0.0181452500844 
0.167381137595 0.0161023771769 0.0701874914113 0.675091968779 0.0712370250379 
0.147103807039 0.68617841274 0.000806238973034 0.13985860164 0.0260529396076 
0.197683196339 0.0132990307578 0.0779919474389 0.000154914204678 0.71087091126 
0.0604004160881 0.0358689271792 0.708135338295 0.141307432335 0.0542878861028 
0.163490001107 0.00420824717421 0.637806482668 0.00820988824599 0.186285380805 
0.0585584058643 0.488063043857 4.08645215831e-06 0.212521050749 0.240853413078 
0.0240178091862 0.0433585144178 0.573712837914 0.357992638731 0.000918199750508 
0.0316951939886 0.0968687028395 0.00596623505117 0.393518673601 0.471951194519 
0.31572308753 0.0528886035363 0.38872850306 0.181207557062 0.061452248812 
0.0359255785864 0.17559517264 0.475037874745 0.0793676759806 0.234073698048 
0.104374535259 0.273430365018 0.121220321971 0.500577462132 0.000397315620821 
0.270230060701 0.155796033995 0.158078216189 0.0581340759172 0.357761613197 
0.0203993742748 0.0565281461482 0.571106731086 0.146261100417 0.205704648074 
0.101489229306 0.501112270836 0.00186312076639 0.390633467777 0.00490191131437 
0.00638687367208 0.280675966246 0.456927953195 0.00996892883244 0.246040278055 
0.127467633343 0.0615350067861 0.0174284503845 0.142806541116 0.650762368371 
0.00199880504269 3.93555740506e-05 0.892254984835 0.0173378062223 0.0883690483263 
0.204766436525 0.0469628901847 0.549447433238 0.138252652801 0.0605705872516 
0.467333610544 0.00367446632867 0.0518046924018 0.392990795602 0.0841964351232 
0.0308258275256 0.484940261503 0.127199486491 0.241750555821 0.115283868659 
0.167628260471 0.825773132866 0.00168399070529 0.00234118563435 0.00257343032312 
0.00424850245926 0.324891697768 0.286314550716 0.366937533495 0.0176077155622 
0.431515620966 0.00433184544291 0.190748056731 0.0800747850731 0.293329691787 
0.596699270982 0.0664096833237 0.0832184007123 0.242664864475 0.0110077805068 
0.291657257114 0.00189963681766 0.084169608491 0.599366971971 0.0229065256063 
0.0683251034188 0.2454867049 0.204932379372 0.397045551887 0.0842102604218 
0.0142057052658 0.00126826483728 0.296678561449 0.0781108564337 0.609736612015 
0.0833785347796 1.58060432023e-06 0.439652831485 0.044657028917 0.432310024214 
0.501741595394 0.0796095755822 0.180280840889 0.236754020608 0.00161396752755 
0.417606185824 0.126698057553 0.0632737283572 0.147252401765 0.245169626501 
0.114939604598 0.669028475691 0.108927283156 0.0745765116085 0.0325281249464 
0.0053002183877 0.173692850828 0.00437933020575 0.787701370314 0.0289262302642 
0.289007027131 0.598027396548 0.0354951115582 0.0595032651117 0.0179671996513 
0.390289983437 0.0477039599715 0.0110233530715 0.0428515132151 0.508131190305 
0.178104663468 0.431429913135 0.00321102414228 0.358595854963 0.0286585442914 
0.26056259192 0.102541350147 0.444286378 0.0361058202201 0.156503859713 
0.301364050237 0.0154279120341 0.00310470592727 0.478869341582 0.20123399022 
0.0481078467415 0.677609468137 0.150594982045 0.116653235776 0.00703446730036 
0.106258156822 0.316511383844 0.000544905083997 0.240928362448 0.335757191802 
0.0286687898168 0.887191154318 0.0051618846305 0.0119714460092 0.0670067252255 
0.230314607957 0.00256096647154 0.110958584172 0.0945554584328 0.561610382966 
0.0247052820886 0.0721888894728 0.00195164259357 0.540080903148 0.361073282698 
0.0251275371217 0.00269835635998 0.268647995787 0.584316198689 0.119209912043 
0.181226060252 0.648256055474 0.00573604694577 0.15873661506 0.00604522226757 
0.220402430332 0.197228738029 0.42102135911 0.097730548449 0.06361692408 
0.71361520094 0.0629085273406 0.0462449965989 0.16916811318 0.00806316194004 
0.0331556032824 0.000411782533792 0.308112637234 0.0675153868683 0.590804590082 
0.0786193548202 0.277721107219 0.0596536847277 0.477796600017 0.106209253216 
0.0342815085037 0.580738370429 0.00339860559902 0.0256810840367 0.355900431431 
0.144550841771 0.294527459292 0.300421335062 0.26049904533 1.3185443469e-06 
0.111908515546 0.0455816888365 0.497639538792 0.000255777715964 0.344614479109 
0.262094043745 0.383052587369 0.0429625882924 0.106413726668 0.205477053926 
0.0836768745746 0.428948544866 0.161811355439 0.311806429032 0.0137567960887 
0.0117443069253 0.191577913556 0.311653916544 0.373396219178 0.111627643798 
0.131402023296 0.00197175057068 0.808365386113 0.0419777766082 0.0162830634124 
0.0087784333104 0.198610259992 0.69798005966 0.0945464064672 8.48405706859e-05 
0.219211904746 0.214451586721 0.0890354099827 0.475977044189 0.00132405436064 
