0.384920946906 0.179262014229 0.147826110187 0.0697721310655 0.218218797612 
0.00499795709613 0.169591048888 0.780518152927 0.000500675930689 0.0443921651589 
0.401562077894 0.465412012484 0.00159372489195 0.0771999522957 0.0542322324338 
0.118193877451 0.187939900698 0.118446823818 0.0961978331509 0.479221564882 
0.0346699444623 0.0340293514503 0.572914946578 0.356371204267 0.00201455324284 
2.59655801495e-05 0.617485650579 0.0355919472401 0.338277324134 0.00861911246727 
0.0511465541233 0.132806467863 0.00873401530334 0.376397786044 0.430915176666 
0.0033773240345 0.567696525295 0.201722585128 0.205621379526 0.021582186017 
0.143665162979 0.45977942578 0.0284367295846 0.288558331954 0.0795603497023 
0.456110427742 0.0639525587756 0.297398166596 0.18223084378 0.000308003106716 
0.150114479677 0.0310824768586 0.386588696479 0.000157733572658 0.432056613414 
0.204179581198 0.0580519864735 0.0813840645509 0.0523019755375 0.60408239224 
0.0013308378754 0.0483239763969 0.516864799017 0.0562776541648 0.377202732546 
0.0919587139682 0.51986946406 0.298821394264 0.0648158050436 0.0245346226643 
0.36727633573 0.0313210067644 0.0961158882082 0.464323408264 0.0409633610328 
0.00509610193765 0.403799971206 0.0741039549995 0.407541399314 0.109458572542 
0.0101183743342 0.0278537877111 0.0445532185154 0.313251826961 0.604222792479 
0.213335417033 0.48119111937 0.193885999804 0.103741035356 0.00784642843648 
0.00897268432927 0.128233280426 0.0108869348156 0.786048645792 0.0658584546366 
0.496451377012 0.0464123699879 0.433371735987 0.00580357537713 0.0179609416364 
0.135666539537 0.227635780779 0.214782243886 0.163266997108 0.258648438689 
4.44588563988e-05 0.0785308835979 0.0899056993972 0.526150462155 0.305368495994 
0.0130639538754 0.0222357958263 0.112794727461 0.851806360035 9.91628016279e-05 
0.494777473652 0.226353084744 0.214937600097 0.0439444125447 0.0199874289622 
0.108622868467 0.0446561888185 0.330505397715 0.116109299716 0.400106245284 
0.0831078170126 0.0270683073366 0.836085561839 0.0269405804506 0.0267977333609 
0.0483674065702 0.000216307200666 0.0582890743346 0.309383821279 0.583743390616 
0.0352595636694 0.155629044707 0.337993472783 0.0111075229307 0.46001039591 
0.446375807777 0.0106068200865 2.73030904682e-05 0.000554024121439 0.542436044924 
0.694407757858 0.00305460344341 0.156464743628 0.00371283826001 0.142360056811 
0.129436896519 0.0541792730871 0.000295764840796 0.0314758770663 0.784612188487 
0.738984836429 0.0136785573775 0.000168579894186 0.0238481609162 0.223319865383 
0.334778300828 0.10791165966 0.0583276347941 0.000413478240287 0.498568926477 
0.0263505742386 0.55294774866 0.276861615991 0.0546147213327 0.0892253397782 
0.00986554167233 0.651695778007 0.141701387725 0.16616571219 0.0305715804054 
0.197431149474 0.193045576015 0.607468962268 0.00101271627542 0.00104159596708 
0.0709620137554 0.150075426327 0.00408812294508 0.340483912506 0.434390524467 
0.00252046007946 0.106941709588 0.223900269691 0.214279456637 0.452358104004 
0.0604904824604 0.442740188112 0.252950819373 0.241693387527 0.00212512252884 
6.31515942122e-05 0.00814980681731 0.565865487552 0.0749792130043 0.350942341032 
0.0848352147062 0.189747345109 0.427070643539 0.037566631713 0.260780164933 
0.0039801726545 0.199321671998 0.0639140038061 0.0841584801473 0.648625671394 
0.167769618492 0.345056810467 0.000225088168541 0.475416533561 0.0115319493113 
0.429823411102 0.07291778054 0.299428083603 0.076221854008 0.121608870747 
0.101192315597 0.296471960554 0.558690926971 0.00676997493765 0.0368748219416 
0.048108895008 0.136809142749 0.70828603672 0.0866637541868 0.0201321713359 
0.0491932286406 0.0148859675964 1.91140138181e-05 0.00200521202494 0.933896477724 
0.00570169163339 0.00151889361103 0.0171148104799 0.132993864471 0.842670739805 
0.000131282223487 0.0279428078029 0.00466214465114 0.891068445943 0.0761953193794 
0.0412723585548 0.123187582192 0.101939073107 0.729936974617 0.00366401152881 
0.0582448921214 0.247985573575 0.0424278845204 0.0318842529315 0.619457396852 
0.358732713638 0.0862063121642 0.0598128499103 0.216029754891 0.279218369396 
0.0053419690399 0.0140428014931 0.00987997396157 0.775148773727 0.195586481778 
0.076614828682 0.0135286201131 0.776969147551 0.0213699418214 0.111517461833 
0.0155586716671 0.379815205629 0.160483916052 0.00372901816102 0.440413188492 
0.0159684000017 0.407152752727 0.0828419882679 0.380501560966 0.113535298038 
0.0691066162063 0.174104249552 0.0616108660757 0.688394062062 0.0067842061044 
0.00154406343155 0.229908840039 0.66667915351 0.0246808532226 0.0771870897967 
0.0528088766768 0.018115839351 0.343364184711 0.000859877269719 0.584851221992 
0.197367960697 0.071406365243 0.679551052647 0.0151077030213 0.0365669183909 
0.312344298872 0.0600658102131 0.523206541801 0.00394450447987 0.100438844634 
0.235014317182 0.0044301212773 4.88380828695e-05 0.260485741932 0.500020981526 
0.0105792152199 0.429567319365 0.0903969190018 0.0270564753809 0.442400071032 
0.124990616599 0.0692626949202 0.137610702009 0.0537377218537 0.614398264618 
0.0447490488488 0.00976909637038 0.532977782566 0.0142630857745 0.398240986441 
0.192385952978 0.474737382765 0.111012586461 0.193357540705 0.0285065370905 
0.0159344904535 0.237391184267 0.0591644427038 0.525147271082 0.162362611494 
0.277307001569 0.107935729992 0.431475582388 0.0886592213154 0.0946224647356 
0.0187668444405 0.00844996077978 0.194113163719 0.576562410925 0.202107620136 
0.262248367316 0.000368779521777 0.27601022597 0.00111940277864 0.460253224414 
0.498050396648 0.000404707880073 0.145174895975 0.355519247305 0.000850752191409 
0.0472077663823 0.833404684554 0.00554563671289 0.0796048274634 0.0342370848878 
0.0337933821921 0.306159333806 0.097407940724 0.213354591708 0.34928475157 
0.000266619738643 0.574022252402 0.127984347255 0.171642139249 0.126084641355 
0.0834977687287 0.325727758345 0.1157358975 0.0152487805581 0.459789794867 
0.638920939786 0.010804513937 0.0892037202872 0.0831762054072 0.177894620583 
0.0142947950633 0.0938554329667 0.157431617767 0.69710686168 0.0373112925232 
0.0542151205076 0.194035804263 0.0992456695364 0.113397842352 0.539105563342 
0.0693675327444 0.849347139461 0.00900325547131 0.0570756009827 0.0152064713407 
0.493963194524 0.053407594688 0.421428595657 0.0302430421856 0.000957572945431 
0.332035380232 0.368143828901 0.0467883690647 0.0128042685591 0.240228153243 
0.500220308752 0.276620492679 0.0141144366078 0.08628324878 0.122761513182 
0.0568989553968 0.0958354253185 0.609525899789 0.236730498355 0.00100922114044 
0.391784692117 0.0588120981946 0.172115074426 0.308545213556 0.0687429217067 
0.0199438928085 0.141299002141 0.288413415615 0.2525927641 0.297750925336 
0.075568081165 0.195505852384 0.38005228095 0.0505473130889 0.298326472412 
0.0644116829512 0.0854325621758 0.0012531071247 0.428639163489 0.42026348426 
0.337174114884 0.144241314806 0.107721493812 0.314156672529 0.0967064039683 
0.462344526939 0.220428505407 0.0461718305984 0.24449171827 0.0265634187858 
0.0371829287253 0.0989296965185 0.0143154616466 0.449140045522 0.400431867588 
0.40157983688 0.392704634875 0.0963982176482 0.0938138394974 0.0155034710994 
0.0286655362195 0.744137760305 0.0572513657095 0.0834149511892 0.0865303865773 
0.000996260132214 0.117953837166 0.257898690083 0.225584181644 0.397567030975 
0.470417648629 0.341542023811 0.00186501736556 0.160439988092 0.025735322103 
0.224961353335 0.0225527280947 0.369508200917 0.176545864696 0.206431852956 
0.0729774836285 0.340706709787 0.454757181924 0.0220119718429 0.109546652818 
0.745327941949 0.0635757902918 0.129126711191 0.011657126797 0.0503124297706 
0.452598271225 0.00538096423726 0.00355582032251 0.0158012527907 0.522663691425 
0.0121856508343 0.00447913396036 0.124084557754 0.00918088279609 0.850069774656 
0.623938714273 0.0457990731958 0.245380845147 0.065285816553 0.0195955508316 
0.060846397153 0.0517583023955 0.340209876806 0.148672707102 0.398512716544 
0.205489246737 0.00327753144334 0.645910616301 0.110084655225 0.0352379502935 
0.15609066389 0.367291648741 0.137812661275 0.310124072727 0.0286809533675 
0.601376458761 0.0631029180566 0.0180188126972 0.0537240715733 0.263777738912 
0.766175265635 0.0798675144743 0.0577551506298 0.0530585642904 0.0431435049708 
0.442944362991 0.0770454810246 0.169260307399 0.0809811110244 0.229768737561 
0.0258566469098 0.520524127671 0.00632811038215 0.0488312673217 0.398459847715 
0.0273028889142 0.0314798685577 0.364640758687 0.193675555447 0.382900928395 
0.151497814034 0.0562673363346 0.0140246904593 0.755508862878 0.0227012962941 
0.323732550662 0.0807669924377 0.0274810771807 0.329681064202 0.238338315517 
0.247914092845 0.209326217137 0.180782419783 0.0590465871408 0.302930683094 
0.0108967516946 0.635124314061 0.0941749053812 0.257980937565 0.00182309129752 
0.236616744688 0.336892926103 0.232866696311 0.138772346036 0.0548512868621 
0.27194582943 0.328493225539 0.127252448391 2.95927434078e-05 0.272278903897 
0.135160812705 0.103224342403 0.665636692194 0.055992190466 0.0399859622325 
0.0115288442994 0.0912533283847 0.110352025211 0.772909955143 0.0139558469623 
0.00204908696144 0.375959511922 0.26370333901 0.31595461275 0.0423334493571 
0.0570784000771 0.0638305102356 0.013502060377 0.857244204207 0.00834482510336 
0.674381668205 0.135551699617 0.0501366901133 0.00731323596263 0.132616706102 
0.430482600373 0.0895686082505 0.00932500747769 0.353008457294 0.117615326605 
0.283935615653 0.113750513825 0.109177587371 0.467378727445 0.0257575557056 
0.603061158555 0.196263022611 0.0633328481916 0.0114353610092 0.125907609633 
0.012069879723 0.068734524048 0.461517860916 0.432328368687 0.0253493666257 
8.14337173766e-05 0.767399612419 0.098136151313 0.0344750185409 0.0999077840098 
0.169855514591 0.07399639945 0.00300600472151 0.727261891283 0.0258801899545 
0.422951414175 0.432710597655 0.0931709236918 0.0248733829851 0.0262936814923 
0.324330125489 0.158824014694 0.116561429073 0.00608431976328 0.394200110981 
0.245289756578 0.207427748072 0.0106086392834 0.0417845242012 0.494889331865 
0.1915176641 0.344440003366 0.123536697653 0.337594830044 0.00291080483738 
0.0989063215695 0.124823944119 0.089012008684 0.172330110424 0.514927615203 
0.00466831874417 0.084706432236 0.144315154011 0.18996986171 0.576340233299 
0.131702566492 0.187685277291 0.0932031703022 0.501120427892 0.0862885580231 
0.216661452737 0.000200345110916 0.158620696333 0.620894317146 0.00362318867351 
0.00354930358485 0.000490464076713 0.238941995743 0.551485947733 0.205532288862 
0.00267778834447 0.00290918061533 0.00102896150322 0.0152206998037 0.978163369733 
0.0159944540521 0.163117602977 0.717508042196 0.0493464276266 0.0540334731489 
0.258718108411 0.0174776096907 0.522902934048 0.19624984933 0.00465149852047 
0.0582795617234 0.0770697066411 0.0361939726837 0.455934275841 0.372522483111 
0.0278455927087 0.293519779402 0.0657532953496 0.567942507709 0.0449388248299 
0.0748794656535 0.149003946242 0.103258300512 0.512763412818 0.160094874775 
0.509137436376 0.215014635641 0.0343879810874 0.203732962198 0.037726984697 
0.0949401599103 0.23933268909 0.178948611926 0.44395912203 0.042819417043 
0.531960502436 0.0996606834265 0.127502418846 0.109667664526 0.131208730765 
0.00210777395242 0.0980568539545 5.32076326935e-05 0.375541054275 0.524241110185 
0.918120935049 0.00067154438048 0.000630371605999 0.0205595406493 0.0600176083151 
0.516662310754 0.00793131175874 0.178043009423 0.147689550099 0.149673817965 
0.148853319222 0.0973309266374 0.490191964999 0.000223775515694 0.263400013626 
0.304868054148 0.0382981042454 0.153624977126 0.0377361889593 0.465472675521 
0.316675371349 0.0836040712238 0.0699792525389 0.224625451797 0.305115853091 
0.0565464879855 0.602572828969 0.156921520114 0.00772532661321 0.176233836318 
0.0560849914005 0.192876361271 0.322497354492 0.245661916854 0.182879375983 
0.00218969263076 0.501356819507 0.0284375497175 0.0864074490504 0.381608489094 
0.278298954437 0.506017460317 0.182317858101 0.000464480703794 0.0329012464418 
0.73443260296 0.0283420587676 0.165041396806 0.0107941051114 0.0613898363547 
0.144070531669 0.384594930573 0.32961618534 0.131277453684 0.0104408987346 
0.225137032314 0.0903721927512 0.150676214141 0.00896717892436 0.524847381869 
0.120236557905 0.11368511522 0.000281824772112 0.388051221889 0.377745280213 
0.299582040454 0.194429254641 0.0039299349244 0.247974685304 0.254084084677 
0.160690535864 0.0272746832609 0.805852566498 0.00042033271127 0.00576188166556 
4.38811822555e-05 0.321564017052 0.106116799668 0.571707824243 0.000567477854051 
0.0722464138254 0.0406102992231 0.0288013490545 0.632369222786 0.225972715111 
0.0577020168489 0.454527216117 0.257520073511 0.222408656255 0.00784203726792 
0.014230753233 0.176071138421 0.309623862847 0.249724054285 0.250350191214 
0.0908440476145 0.0156840818584 0.00161090876029 0.00110392899951 0.890757032767 
0.112683853009 0.00215430386119 0.427095264078 9.69933016327e-06 0.458056879722 
0.06801972987 0.0306479200247 0.154498498972 0.643812198604 0.103021652529 
0.071350865148 0.095576033267 0.535077734791 0.084852910809 0.213142455985 
0.0886822136827 0.213304921979 0.47752055405 0.130103285556 0.0903890247318 
0.000120118865596 2.4980483099e-05 0.15519659765 0.000829833274281 0.843828469727 
0.378457230518 0.0412731133855 0.144238026632 0.115387806068 0.320643823397 
0.404155413519 0.0591838025683 0.0108080093929 0.00847438652236 0.517378387997 
0.0229170854286 0.715417598926 0.0286751878274 0.151257721185 0.0817324066322 
0.545380448891 0.201115173439 0.217435724817 0.0357359565828 0.000332696269917 
0.00195723243294 0.232573084211 0.35804567597 0.330793250769 0.0766307566175 
0.025671377235 0.233325071177 0.0899608081093 0.584456846693 0.0665858967861 
0.0761391234829 0.00800483202446 0.424960257128 0.480667184769 0.0102286025952 
0.41275960058 0.238250437745 0.000302559364222 0.20804943802 0.140637964291 
0.129616705399 0.274066803605 0.258883190577 0.269461007914 0.0679722925046 
0.221385338979 0.696105361072 0.00496838644628 0.0164907334223 0.0610501800807 
0.221792301289 0.706783339715 0.01368920382 3.40944450284e-05 0.0577010607312 
0.133690449156 0.0235921545099 0.294632485696 0.220477238029 0.327607672609 
0.0275306567884 0.049063916071 0.654167861371 0.0559195926661 0.213317973104 
0.0297603413308 0.324562985098 0.00466980558926 0.416162456213 0.224844411768 
0.0434236470081 0.785349824169 0.000567386001751 0.154558868531 0.0161002742902 
0.506856594459 0.0876998442647 0.000525150158071 0.356361203325 0.0485572077935 
0.0140233785772 0.129454632464 0.657421312556 0.0132284669603 0.185872209442 
0.186845124697 0.0325672373436 0.053316433334 0.727151744778 0.000119459847345 
0.315007972333 0.162334446465 0.248294064667 0.272312956405 0.00205056012991 
0.040018967274 0.02217113878 0.0994986917273 0.602128025366 0.236183176853 
0.88526511663 0.00657949733338 0.0156988850665 0.022361534244 0.0700949667262 
0.0631580387612 0.000513704234207 0.598438577112 0.00031072264373 0.337578957249 
0.0549705960344 0.561354514175 0.166246889039 0.0606073777362 0.156820623015 
0.488103798227 3.33497157281e-05 0.326404298095 0.185422210828 3.6343133461e-05 
0.187845399235 0.0269976037428 0.0387152637094 0.399853472248 0.346588261065 
0.1049471943 0.0748674685466 0.611040038306 0.0704521950224 0.138693103825 
0.209747365373 0.319272397397 0.286659737144 0.18124043723 0.00308006285592 
0.0181354593482 0.169131974669 0.406399689907 0.170237372858 0.236095503218 
0.354396056184 0.00120694649632 0.436792292358 0.167247044186 0.0403576607755 
0.0468042655416 0.449866568383 0.0458164666768 0.405004511334 0.0525081880644 
0.275435380314 0.00423450591852 0.0122935560984 0.207258512192 0.500778045477 
0.0051258250384 0.0662044544356 0.0197275618535 0.205692013283 0.70325014539 
0.154653581928 0.0980909653751 0.681164577758 0.00219360098004 0.0638972739593 
0.17090643046 0.0337970358813 0.533590104725 0.112280825201 0.149425603732 
0.0616316050946 0.0238606195534 0.0418488924701 0.244676627317 0.627982255565 
0.0390754556795 0.783048968411 0.0324397331855 0.145259404717 0.00017643800712 
0.47991860968 0.147277663106 0.0921258714406 0.0307137607706 0.249964095002 
0.104027996922 0.637897754034 0.134045601365 0.0673474391539 0.0566812085242 
0.00058208457455 0.934823316908 0.00888648840472 0.0287831257008 0.0269249844123 
0.00646439625244 0.0655611905356 0.635667508163 0.28150474343 0.0108021616195 
0.546456768229 0.00708152702742 0.108629856464 0.0196122963456 0.318219551934 
0.0456505469846 0.00946217598777 0.00169269940873 0.928152034314 0.0150425433054 
0.0427623681374 0.0303405142352 0.274096885215 0.624267662144 0.0285325702679 
0.122532154144 0.346418054019 0.427021714138 0.0174380100539 0.0865900676447 
0.0253228302284 0.161702798958 0.575778380179 0.236525444093 0.000670546541677 
0.133037497622 0.00909987622501 0.113684669444 0.0598699559717 0.684308000737 
0.0893291593024 0.412256359325 0.383740754076 0.0915074295197 0.023166297776 
0.0464169469604 0.607192583965 0.0515879139042 0.193988907402 0.100813647769 
0.012923539753 0.397697804741 0.132063508454 0.0403520129324 0.41696313412 
0.00146369594797 0.00637467730236 0.366850737862 0.622838835558 0.00247205332927 
0.0947808815868 0.0161276605719 0.15271129643 0.725151436994 0.0112287244176 
0.0387281227149 0.504821114041 0.41770840516 0.0133086939615 0.0254336641218 
0.0566491031076 6.27232972852e-06 0.344597899118 0.585271087696 0.013475637749 
0.000773182948531 0.851615816879 0.00675474983757 0.0136525913529 0.127203658982 
0.337589855246 0.124537522493 0.00136608400387 0.463192312426 0.0733142258315 
0.0504712649245 0.551181728547 0.015548246979 0.339204908269 0.0435938512805 
0.000919880928568 0.0355489190213 0.237431051583 0.0793604384847 0.646739709982 
0.702566385741 0.00940257263728 0.000428729995749 0.0798129126622 0.207789398964 
0.223197663118 0.111904233054 0.0208494670836 0.0832341222291 0.560814514515 
0.0243444852286 0.344300214526 0.164409884322 0.234916746977 0.232028668947 
0.0403737729567 0.108615749466 0.001224986172 0.0711873947284 0.778598096677 
0.0193747042324 0.833509360218 0.0382976702406 0.0976167012307 0.0112015640781 
0.200310579838 0.787245784591 0.000148749441938 0.000803480150545 0.0114914059783 
0.513967421144 0.0490256607762 0.0294453681865 0.351535089448 0.0560264604451 
0.111721822954 0.489481910564 0.302663912879 0.048078326142 0.0480540274615 
0.539931113192 0.0657167467124 0.199692181611 0.179014725337 0.0156452331479 
0.326895261316 0.402695272803 0.000128731167989 0.262030838286 0.0082498964264 
0.144252331529 0.573901474055 0.0919780075399 0.0172454807225 0.172622706154 
0.448682898519 0.000764882789344 0.0117175849078 0.394127087339 0.144707546444 
0.0307098387656 0.00316883736181 0.0470655007411 0.91161145153 0.00744437160151 
0.0740857017723 0.572364248774 0.292786429858 0.0134272429274 0.0473363766683 
0.126986164182 0.0223575848978 0.453840473709 0.193145422481 0.20367035473 
1.92100331632e-06 0.350465500226 0.266940916712 0.375683943354 0.00690771870487 
0.129438755291 0.00470923592637 0.00641865397669 0.726209987766 0.13322336704 
0.0990478745872 0.0390726978754 0.0319002333994 0.680786937249 0.149192256889 
0.608998716219 0.192982389343 0.159235981433 0.00163988377884 0.0371430292251 
0.371426640306 0.294853836196 0.212736018379 0.0709931228804 0.0499903822384 
0.259832612794 0.03782467488 0.138560510241 0.346146120877 0.217636081208 
0.722736057705 0.075758545855 0.0785318977665 0.0957571241561 0.0272163745175 
0.333215773184 0.0050396406488 0.0525847924236 0.102288994078 0.506870799666 
0.026306216865 0.459014143462 0.165499929256 0.325500850123 0.0236788602938 
0.145000637463 0.0685553160138 0.172529528625 0.601796642762 0.0121178751369 
0.0015178937378 0.618979308723 0.0540432570422 0.0911494421565 0.234310098341 
0.189877263565 0.00816057790718 0.442882797123 0.214571723721 0.144507637684 
0.00260732967028 0.0120247825269 0.95599378595 0.00402885003187 0.0253452518213 
0.402101129043 0.163345055568 0.0133925941323 0.354996804208 0.0661644170476 
0.900230508305 0.00442308408621 0.00217635327014 0.0645131598817 0.0286568944565 
0.0738455223623 0.552555033141 0.31544822195 0.00704559273997 0.051105629806 
0.0102211731418 0.335251294408 0.524332363285 0.121063072248 0.00913209691734 
0.0955503868764 0.328951545846 0.00778219253089 0.143800030092 0.423915844654 
0.17221339342 0.214648767712 0.0259084364928 0.258122006025 0.329107396349 
0.244511033002 0.0237575931652 0.0562955252783 0.000809370598403 0.674626477957 
0.654748113715 0.0160042275511 0.149611566835 0.153065279234 0.026570812665 
0.12595179964 0.662147774486 0.13943254551 0.00493852337903 0.0675293569852 
0.584731075182 0.0869700895704 0.00585365405516 0.316763118486 0.00568206270598 
0.208914771967 0.0973993888371 0.0129134604319 2.90608375414e-05 0.680743317926 
0.0716712896188 0.501945334857 0.00328136663639 0.422941277363 0.000160731525497 
0.808216861487 0.0506003907473 0.0371910997417 0.100909942886 0.00308170513843 
0.000541537521667 0.0264562679319 0.46354772874 0.24690335172 0.262551114086 
0.33287499808 7.14477124578e-06 0.00972725221702 0.000507086979085 0.656883517952 
0.0570073559238 0.17110385107 0.00284114316761 0.0300412805442 0.739006369294 
0.360252143183 0.0410850404998 0.526517302964 0.0721453813596 1.3199329792e-07 
0.0513857136719 0.928727291134 0.00833258056676 0.00808267076018 0.00347174386746 
0.00306267386697 0.640138273075 0.0115670315798 0.179691443547 0.165540577931 
0.248649999129 0.365343566801 0.30817814606 0.0687869918311 0.0090412961787 
0.0551340774998 0.174030230157 0.16187201395 0.608498260257 0.000465418136396 
0.00979720241242 0.465440127612 0.192460677149 0.0213744637105 0.310927529116 
0.26256102287 0.33347805093 0.0319409748596 0.0103372210553 0.361682730285 
0.000610415352572 0.70853325206 0.139689622057 0.106181974687 0.0449847358434 
0.00224186290495 0.105407129083 0.086085136675 0.340169558522 0.466096312815 
0.457350042734 0.07216202773 0.466296330036 0.000562583416483 0.00362901608319 
0.702743575486 0.247937880212 0.0218959867711 0.000396193932617 0.0270263635982 
0.0777486889529 0.258515422546 0.00541685466987 0.064599467549 0.593719566282 
0.0128872323358 0.457191922224 0.327978282065 0.168765517272 0.0331770461027 
0.262736157864 0.00296159901859 0.152374171753 0.0140708037992 0.567857267566 
0.0081718930048 0.763277207439 0.0446913645653 0.128314775517 0.0555447594745 
0.64741175045 0.104265860247 0.0024233761362 0.207262952139 0.0386360610285 
0.109635497669 0.0221279336775 0.00129366980323 0.770178361839 0.0967645370111 
0.000186082153827 0.0514492544121 0.470183844292 0.438995062104 0.0391857570377 
0.0096606585388 0.00841349650853 0.190591393822 0.00132188524232 0.790012565889 
0.636138671539 0.202128992918 0.0889008935441 0.0708647844915 0.00196665750693 
0.00958561621398 0.0680777875207 0.000755728599597 0.00412065306232 0.917460214603 
0.044610898647 0.811763479377 0.0776618305722 0.0624724024184 0.00349138898527 
0.360922551451 0.295432483302 0.000436414881171 0.263781498005 0.0794270523607 
0.31189229027 0.0488775574455 0.55884337361 0.00615486423113 0.0742319144437 
6.20427045506e-05 0.0498757381261 0.0426812698883 0.864166122125 0.0432148271565 
0.000596078205488 0.18494433518 0.450793899163 0.356622201727 0.00704348572433 
0.00950693816564 0.3305521104 0.0421736391177 0.361324866021 0.256442446296 
0.467222120049 0.0962979938194 0.124561704646 0.214683698467 0.0972344830181 
0.229554989146 0.0494682529569 0.104674204177 0.150363458168 0.465939095553 
0.606827887256 0.0229220595092 0.127224546974 0.239857961856 0.00316754440452 
0.0674343285459 0.367540097952 0.302189924092 0.00774502023977 0.25509062917 
0.00723215476805 0.468245087191 0.392414551766 0.0598578103462 0.0722503959288 
0.15728573687 0.335383794377 0.258097720613 0.142567341789 0.106665406351 
0.0516332860098 0.00160208014762 0.00280999589106 0.743149504343 0.200805133609 
0.602238519283 0.0818967307163 0.0140538878802 0.198750387008 0.103060475113 
0.0150833438499 0.833484858987 0.100972114523 0.000820526235792 0.0496391564045 
0.502155513344 0.0252212758962 0.138714021408 0.0961789337528 0.237730255599 
0.16913629014 0.00564976026594 0.00440575177911 0.0140057098217 0.806802487993 
0.0466065756611 0.00185719762021 0.0132087597837 0.464598166088 0.473729300847 
0.082975167716 0.270048873249 0.395341800538 0.189815912129 0.0618182463667 
0.569620808908 0.0974521481778 0.16835102079 0.0759225728522 0.0886534492716 
0.0500409299047 0.0537181631211 0.640002085943 0.0715859298719 0.184652891159 
0.280515587945 0.0629509131346 0.00838291848535 0.379216916825 0.26893366361 
0.0585898738731 0.111912495255 0.590265745894 0.00314358333307 0.236088301645 
0.322202706019 0.00183524329447 0.168921009543 0.0805048000032 0.42653624114 
0.773811167132 0.00301153965748 0.0219070977231 0.160105979691 0.0411642157969 
0.00708615208268 0.250551430237 0.107166803229 0.511075595397 0.124120019054 
0.0187779825639 0.768311469644 0.139998777179 0.0287275283664 0.0441842422464 
0.000272403733751 0.0980467766637 0.0568249092066 0.0278882688055 0.81696764159 
0.00459053196791 0.0259391807345 0.00820685666704 0.860603998037 0.100659432594 
0.487934659965 0.00648494595639 0.453893070314 0.0333998247082 0.0182874990563 
0.199562012508 0.0636687420468 0.412887396175 0.322252829857 0.00162901941276 
0.0642842292739 0.158699009716 0.659647230292 0.0320796862411 0.0852898444771 
0.194420486881 0.0260602540777 0.0680231424523 0.479797470342 0.231698646247 
0.783710971754 0.00803076023969 0.0537720002776 0.146749811756 0.00773645597262 
0.746459703356 0.0212295164927 0.108210862905 0.0915494011358 0.0325505161106 
0.0975634902499 0.115042998349 0.0359321720025 0.281093780746 0.470367558653 
0.0639731101445 0.485277934162 0.0584057115559 0.0687833633024 0.323559880835 
0.223676679527 0.0916904658133 0.114434471923 0.013493525683 0.556704857054 
0.413605354465 0.12264043668 0.0351648888592 0.291991344121 0.136597975875 
0.255372715736 0.0164399541615 0.00558729065757 0.250917277335 0.47168276211 
0.153726777473 0.0119503001182 0.829096093589 0.00404926084808 0.00117756797192 
0.00310725660291 0.561732736807 0.0407832509328 0.289225575569 0.105151180088 
0.104929690383 0.0508842557113 0.72778682488 0.03737391126 0.0790253177665 
0.00109867185763 0.0249542318401 0.752476149 0.196259373007 0.0252115742951 
0.0129935860755 0.000267033056412 0.0168801540015 0.0213185989147 0.948540627952 
0.258217306493 0.0168183371192 0.17716977307 0.206232266757 0.341562316561 
0.00101371588416 0.012656560028 0.190095758869 0.390782719481 0.405451245738 
0.000834991243276 0.448111700401 0.0247348281673 0.378359478296 0.147959001893 
0.632700467317 3.95854578816e-05 0.244490543967 0.0716971056481 0.0510722976101 
0.31601142337 0.00588003934219 0.040355404195 0.108601443699 0.529151689394 
0.26274905709 0.106657657847 0.0831195263577 0.0611783420512 0.486295416655 
0.038447236582 0.00563213530117 0.166480407995 0.633540501349 0.155899718773 
0.0811659685638 0.039774641896 0.841692689867 0.0232589223309 0.0141077773418 
0.362178162683 0.0295204657714 0.0777021438615 0.20380956031 0.326789667375 
0.0169358966246 0.0274839382387 0.591506416583 0.140266889042 0.223806859512 
0.0580346717767 0.119945403106 0.731162103044 0.012697625178 0.0781601968959 
1.24726654277e-05 0.0718546249423 0.0170071430052 0.319302197597 0.59182356179 
0.0302490424185 0.00907021873629 0.0794245357844 0.00146516964997 0.879791033411 
0.0743092374264 0.586546354859 0.124350220313 0.137059242364 0.0777349450372 
0.579211226678 0.0102536137064 0.0444133332749 0.0367679081332 0.329353918208 
0.529388959296 0.0172770017712 0.412761868186 0.00714488397166 0.0334272867755 
0.00585072822396 0.0108375106666 0.00145142674631 0.00832329480897 0.973537039554 
0.00362630130675 0.178006054072 0.504884699785 0.0233207997767 0.29016214506 
0.0255027106526 0.139006661943 0.586051303745 0.246032369512 0.00340695414628 
0.56732156892 0.108901008173 0.123492211709 0.1998129341 0.000472277098813 
0.133489623116 0.0323176254209 0.772827434536 0.0607788120018 0.000586504924658 
0.4063929733 0.493977391643 0.000656091564105 0.0978993666995 0.00107417679323 
0.00276258055214 0.841322734745 0.00150285294799 0.127879981534 0.0265318502207 
0.358925210526 0.0176999007867 0.16216957094 0.284003905324 0.177201412424 
5.1509613191e-06 0.0169310442424 0.000229842991215 0.654123272479 0.328710689326 
0.0104412671458 0.15879088842 0.211432011099 0.130168813839 0.489167019496 
0.0604891441996 0.100490095885 0.0436880633437 0.293157852775 0.502174843797 
0.238653317099 0.243334478722 0.356171925582 0.160342262254 0.00149801634259 
0.00531711363641 0.508598970099 0.000245468561723 0.013785882061 0.472052565642 
0.0596860301688 0.0320930479751 0.358530399707 0.109953164024 0.439737358124 
0.00162056139266 0.41903091185 0.0853692457652 0.350359465403 0.143619815589 
0.48748364048 0.0372873123987 0.198677283645 0.268124408731 0.00842735474427 
0.00500659602769 0.868631995429 0.0617102552156 0.00617971442845 0.0584714388997 
0.0341914847499 0.588366970866 0.0696709869989 0.214978466605 0.0927920907806 
0.136678321705 0.166964539664 0.0453905588709 0.0494236569511 0.601542922809 
0.123887022021 0.0450637157815 0.468596698661 0.361371183697 0.0010813798387 
0.0367668524293 0.00155229022187 0.331412088815 0.526035109279 0.104233659255 
0.661449352543 0.00384600396944 0.0256856524155 0.24348437828 0.0655346127926 
0.0286730773342 0.013476663244 0.0824428685856 0.464443493435 0.410963897401 
0.516939898318 0.162143176284 0.296015750809 3.14118123964e-06 0.0248980334077 
0.0280508312924 0.571900407575 0.121433865997 0.133835499744 0.144779395392 
0.416586324314 0.192292700951 0.0699769048945 0.307940050541 0.0132040192999 
0.219690556223 0.670478592438 0.000830573659434 0.00184134221516 0.107158935464 
0.0457420257353 0.000343523881366 0.0312051375644 0.701198386827 0.221510925992 
0.600670312918 0.121711977034 0.0961750681837 0.0797450918155 0.101697550048 
0.786375596546 0.0888745902813 0.000192947136891 0.0275280925386 0.0970287734971 
0.000501111327831 0.758311834847 0.0624868418789 0.00232225963183 0.176377952314 
0.0894265751513 0.215980923074 0.514741058071 0.130368286087 0.0494831576165 
0.156474154395 0.0797242880324 0.309294550353 0.383056645779 0.0714503614409 
0.101761287894 0.382225208855 0.099272111616 0.344877095852 0.0718642957834 
0.135906163298 0.273217460744 0.182095202469 0.265645543982 0.143135629506 
0.241473561005 0.43879759354 0.0110256530331 0.0473243763374 0.261378816085 
0.0173308506276 0.229840279684 0.020885193103 0.0037995233337 0.728144153251 
0.615447071443 0.0448242558445 0.119750843909 0.129832326161 0.0901455026419 
0.264252493165 0.11206189708 0.00561121028494 0.574666076585 0.0434083228847 
0.47162797154 0.0207229085716 0.00969315731896 0.0839952154423 0.413960747127 
0.00226598301604 0.673234545395 0.0324311798681 0.25963297749 0.032435314231 
0.0502166640083 0.227711649814 0.559625406236 0.161351779196 0.00109450074558 
0.205411735321 4.44574528844e-06 0.504816992034 0.265976149597 0.023790677303 
0.317833688627 0.364945289997 0.308638456265 0.00799346006304 0.000589105047521 
0.00230272063995 0.204810816904 0.438474763676 0.0785424239612 0.275869274819 
0.0929325148036 0.0193521426723 0.171965273527 0.191328391727 0.52442167727 
0.0722162358701 4.43605640994e-06 0.663078101112 0.0204428186133 0.244258408348 
0.737616009179 0.0888164905615 0.147609080633 0.0111951426881 0.0147632769376 
0.0321991215353 0.219700890822 0.0605312453309 0.00524129223983 0.682327450072 
0.094190399597 0.0103708806653 0.0153457609055 0.832550169967 0.0475427888656 
0.000230056421124 0.61913402503 0.154699206354 0.00710934367796 0.218827368517 
0.269830029041 0.0382881380052 0.437654804092 0.047618006759 0.206609022103 
0.015466028199 0.507151555331 0.205831354374 0.146147392099 0.125403669997 
0.122432643263 0.659501795931 0.0202091119912 0.106514885957 0.0913415628571 
0.437362693403 0.0080571103625 0.388880378536 0.134286982159 0.0314128355388 
0.0628776415246 0.00737948891791 0.167905830797 0.557917008416 0.203920030344 
0.258622166128 0.0982136956633 0.443560619377 0.180952347281 0.0186511715504 
0.194472975396 0.23085228192 0.222878221901 0.341530541465 0.0102659793183 
0.222866161979 0.671426795764 0.0819932207543 0.0007863473895 0.0229274741127 
0.00929406854357 0.125341989995 0.650271378461 0.0226093453916 0.192483217609 
0.0460013767172 0.60569732817 0.0592932115892 0.275610907765 0.0133971757595 
0.515173486685 0.0199779696495 0.442511624616 0.00594614376635 0.0163907752836 
0.38273030554 0.00425581598733 0.198920643715 0.0774463081337 0.336646926624 
0.0899085571015 0.0686257962508 0.161124063269 0.663924006118 0.0164175772604 
0.0835677196699 0.254278910074 0.000962118034074 0.577811760303 0.0833794919189 
0.0841456322855 0.000266160558554 0.00389799240263 0.365461113051 0.546229101703 
0.000391007407292 0.840475867817 0.011821161111 0.139013770642 0.00829819302323 
0.0210181598514 0.105213140129 0.773264217109 0.0914878253482 0.00901665756197 
0.127552482154 0.000669620901197 0.761736206784 0.0126281279829 0.0974135621771 
0.260233616998 0.000139778490648 0.00941966227867 0.151187495963 0.57901944627 
0.599473432877 0.0344956584075 0.334620408415 0.00056513294703 0.0308453673538 
0.141256371288 0.197225191092 0.526293649419 0.0144713032373 0.120753484965 
0.000476846091851 0.0198202435084 0.586559840485 0.37796915689 0.0151739130246 
0.177576478896 0.150741202129 0.120036697061 0.351495062726 0.200150559187 
0.0398398043248 0.58856869709 0.0586219625863 0.200775614157 0.112193921842 
0.505931995658 0.0380827132904 4.54887728264e-05 0.082038149441 0.373901652838 
0.393952805414 0.181885716729 0.0956596386253 0.0810120491109 0.247489790121 
0.245964499855 0.128285791822 0.605865326155 0.000582627854247 0.0193017543143 
0.0715693660054 0.062744130787 0.174353374339 0.691292288349 4.08405198129e-05 
0.0110535295278 0.417547931263 0.108620199531 0.105000528151 0.357777811528 
0.0733247464887 0.605711968259 0.246916077373 0.0469112742661 0.0271359336126 
0.473737237261 0.337966125967 0.158478188633 0.019984858879 0.00983358926055 
0.152169577929 0.629974123966 0.0169479310612 0.00469070912277 0.196217657921 
0.00251827713964 0.037140027184 0.946958075576 0.00348920235062 0.00989441774973 
0.50265494218 0.0133303227762 0.366780150254 0.112207023296 0.00502756149416 
0.0293067582256 0.16558015672 0.160599012511 0.0125247984214 0.631989274123 
0.0831440781052 0.487846718815 0.000122209339927 0.281806927092 0.147080066648 
0.340878502796 0.0151801166218 0.0931642046426 0.0288315434501 0.52194563249 
0.455267383862 0.0196503314452 0.350305422157 0.0911458366329 0.0836310259027 
0.0695833587469 0.0363187146023 0.0917557598629 0.774412186033 0.0279299807549 
0.0475037496319 0.0667096604649 0.773865598986 0.00103388568001 0.110887105237 
0.106273230898 0.00259248312408 0.0160128157849 0.0139453921081 0.861176078085 
0.0371536333503 0.049729231102 0.78635206704 0.126676936872 8.81316366372e-05 
0.0821816677012 0.236442423952 0.252371588936 0.230370852136 0.198633467275 
0.215445731263 0.0113992143763 0.531375160769 0.0426145298844 0.199165363707 
0.212153018301 0.0622091761289 0.00305202612769 0.722538151638 4.76278043203e-05 
0.242684331552 0.0578209457223 0.250008133712 0.292086790878 0.157399798136 
0.56352818397 0.144568900964 0.0450659844513 0.16151067881 0.0853262518046 
0.161188746274 0.0902342861423 0.604490473198 0.00764158359181 0.136444910794 
0.0567174628849 0.792670707336 0.00769714545715 0.009774635939 0.133140048383 
0.00333184377313 7.67879654239e-05 0.0242988342991 0.296458283944 0.675834250019 
0.144991632742 0.268013587603 0.443397035356 0.00657894503225 0.137018799267 
0.492074462591 0.424522171893 0.000571776629796 0.0159745605756 0.0668570283105 
4.99113635973e-05 0.149319073595 0.752771415287 0.0977714944435 8.81053113922e-05 
0.611005343707 0.157014593362 0.155336174049 0.0580423824141 0.0186015064689 
0.112769545113 0.0828053584331 0.0441740157738 0.758794117559 0.00145696312089 
0.389268553869 0.349235258657 0.181403124313 0.0536736763401 0.0264193868201 
0.0267907931041 0.440671879982 0.459135619382 0.072468226435 0.000933481096209 
0.356051997489 0.0374104450643 0.299514017569 0.21540882271 0.091614717167 
0.037585974394 0.140070548113 0.570577762086 0.0868569765737 0.164908738833 
0.521098430522 0.178360047457 0.00586039823869 0.0992864218892 0.195394701893 
0.18344164173 0.129539049462 0.0831193717922 0.462764477635 0.141135459381 
0.120396646872 0.360190587456 0.346506305195 3.21448091312e-06 0.172903245996 
0.175825311462 0.0972029328091 0.207879673843 0.489412121255 0.02967996063 
0.00419184358247 0.768875603674 0.019689608695 0.203802595033 0.00344034901526 
0.0235966983246 0.341700007033 0.468049846316 0.00323267724121 0.163420771086 
0.0441311592716 0.0555938202746 0.489177830005 0.340858256836 0.0702389336128 
0.00370375487315 0.666473758867 0.210756197153 0.0188602872082 0.100206001899 
0.0259426528807 0.119276814837 0.427347894155 0.339546768051 0.0878858700759 
0.0783098521603 0.0100362375895 0.78389818714 0.0714705973807 0.056285125729 
0.43910261171 0.240981127525 0.0522102012941 0.0321618977579 0.235544161713 
0.168537426783 0.793963335186 0.0272678603984 0.00811181692176 0.00211956071124 
0.0500433289886 0.0702822575837 0.0259259651101 0.542325801037 0.31142264728 
0.000685171684626 0.176226640001 0.204125485127 0.0355530067104 0.583409696477 
0.834904613689 0.0278139059397 0.000100314281984 0.00746709221987 0.12971407387 
0.123265834368 0.0688498735737 0.0169474489448 0.0133867910531 0.777550052061 
0.0231494990788 0.317664742091 0.148873098375 0.0842516307932 0.426061029662 
0.864841924894 0.0606576228335 0.000772329833344 0.00381399922495 0.0699141232142 
0.576435056057 0.0753773300332 0.0741510904423 0.195690971718 0.0783455517492 
0.202890770951 0.43295377214 0.354889145521 0.00891175418893 0.00035455719953 
0.000314181638536 0.488477312276 0.0318564431482 0.0482665403817 0.431085522555 
0.122276137027 0.000309656758934 0.226440809122 0.0895108039238 0.561462593168 
0.172721575211 0.359331068509 0.341777855007 0.124692356495 0.00147714477728 
0.47452139708 0.0366096085278 0.0100688913571 0.467548367958 0.0112517350769 
0.0272344439929 0.715834279367 0.0986390782611 0.153240779387 0.00505141899194 
0.0673517356229 0.705738688295 0.219052353115 0.000277327748548 0.00757989521878 
0.0289066771908 0.0907100391615 0.592890654281 0.251754691357 0.0357379380101 
0.71092695723 0.00436920032682 0.0781865315939 0.0247548504188 0.181762460431 
0.0160800694903 0.493633779432 0.00731775457646 0.241532536623 0.241435859878 
0.273174568462 0.338804969903 0.0541777862743 0.150463194396 0.183379480965 
0.0773813548346 0.118748391424 0.327753920423 0.473993576404 0.00212275691457 
0.380163215588 0.24272529276 0.00725045245544 0.0531792301934 0.316681809003 
0.254293248896 0.0818845823916 0.0192872638097 0.473499626737 0.171035278166 
0.101365090062 0.2718038004 0.188665681314 0.415725436352 0.0224399918719 
0.415973683033 0.47146172529 0.0004031510112 0.0374920267212 0.0746694139447 
0.379651587699 0.211004436794 0.151928628884 0.245019864927 0.0123954816951 
0.422399201956 0.00799826703634 0.00867986438474 0.397630887439 0.163291779184 
0.308671822049 0.379510246669 0.137221650995 0.0559778441311 0.118618436156 
0.44263248759 0.263005080498 0.0526034612781 0.218875566358 0.0228834042762 
0.078111490769 0.095413066431 0.811625326552 0.00352259010414 0.0113275261435 
0.00703414686614 0.101749492521 0.890125400556 0.000528753808787 0.000562206248275 
0.456245318915 0.324897501744 0.139569486023 0.0167427000546 0.0625449932632 
0.191323742207 0.144522595897 0.00583276468523 0.0888890455738 0.569431851638 
0.111140355592 0.0397869968971 0.19343339125 0.433227414641 0.22241184162 
0.184544154451 0.794399157239 0.0150324743823 0.00314387570775 0.00288033821988 
